CPU_Cycles,Execution_Time(ns),Time_clock(ms),avg_cpu_cycles,Std_Dev_CPU_Cycles
3129495379,1043795692,1307.63,3129495379.0,0.0
3156243303,1120892476,1357.93,3142869341.0,13373962.0
3291939460,1186426802,1411.19,3192559380.6666665,71115694.40380074
3166010942,1094337838,1361.28,3185922271.0,62651697.24024372
3122866125,1059071574,1325.84,3173311041.8,61452099.56873939
3159220718,1090235780,1355.88,3170962654.5,56343071.73373277
3393364471,1213765099,1453.08,3202734342.571429,93689256.31080188
3105701760,1073100957,1337.91,3190605269.75,93328816.59549133
3063485650,1061778364,1302.93,3176480867.5555553,96635657.75412399
3472259539,1218723119,1484.41,3206058734.7,127586274.09696005
3117342031,1074316226,1327.19,3197993579.818182,124293535.61004286
3121534445,1043635892,1304.07,3121534445.0,0.0
3149281237,1086995806,1354.88,3135407841.0,13873396.0
3130038006,1068231158,1332.07,3133617896.0,11606975.657821493
3386593803,1216370050,1474.77,3196861872.75,110002014.51975581
3145742449,1087043310,1353.7,3186637988.0,100491123.17139651
3129913567,1073389385,1344.92,3177183917.8333335,94139712.18595938
3212934608,1092640852,1367.37,3182291159.285714,88049691.24903618
3474439582,1204761908,1467.18,3218809712.125,126960180.85702774
3119422877,1079403929,1344.18,3207766730.4444447,123707233.32062128
3056070989,1074579163,1301.96,3192597156.3,125873648.69492164
3463511152,1249285519,1473.27,3217225701.3636365,143071479.23404574
3139481520,1081553022,1350.18,3210747019.5833335,138655570.80916208
3120459435,1061739576,1324.67,3203801820.769231,135371054.3146818
3185913368,1099658014,1363.32,3202524074.142857,130528138.82011116
3523948613,1262846030,1502.27,3223952376.733333,149432812.60256124
3155259851,1077647748,1349.28,3219659093.875,145640016.1535028
3155182321,1072684757,1346.75,3215866342.529412,142103719.11272794
3684285072,1324638246,1566.52,3241889605.2777777,174883335.90678635
3118768216,1072653902,1332.2,3235409532.1578946,172424858.09529874
3139328043,1079610684,1348.28,3230605457.7,169358550.42266876
3139911874,1089466844,1352.15,3226286715.6190476,166401696.4132426
3922195498,1423401234,1655.01,3257918933.0,217815175.1398686
3145877527,1074087092,1344.21,3253047567.521739,214249285.26975182
3153773535,1079105385,1350.32,3248911149.5,210674322.92163083
3121836685,1073153608,1339.98,3243828170.92,207914414.20647538
4518561419,1640691173,1888.52,3292856372.769231,318841476.50519544
3129949167,1071711893,1342.34,3286822772.5555553,314390233.2370193
3098438737,1077171731,1327.33,3280094771.285714,310698177.1063646
5873237613,2207264216,2454.83,3369513489.965517,563102498.4934175
3234190561,1068238871,1351.62,3365002725.6666665,554170556.6503079
3220254502,1068976067,1345.36,3360333428.129032,545758612.3468541
3212650307,1070263647,1342.37,3355718330.59375,537777692.328919
7287127289,3639085720,3658.63,3474851935.3939395,857094608.8439673
3211214531,1065228580,1341.68,3467097894.0882354,845570273.74294
3231442077,1081136701,1350.09,3460364870.742857,834327376.2137764
3881366185,1368165575,1621.12,3472059351.6944447,825562008.7291347
3669571436,1289468196,1532.48,3477397516.135135,814958983.5593203
3757306704,1299038682,1569.16,3484763547.394737,805411609.288806
3891541676,1365450727,1625.09,3495193755.820513,797614461.8378141
4383056472,1645536986,1831.6,3517390323.725,799686767.6986452
3740543738,1395555641,1597.9,3522833089.9268293,790624019.2394778
3423105291,1238307634,1471.9,3520458618.5238094,781303074.6132659
3743510152,1346591767,1564.53,3525645863.4883723,772896150.0752355
3205973750,1144754057,1372.72,3518380588.181818,765546618.1796627
3293096758,1119752708,1402.07,3513374280.8444443,757720799.4553632
3194412066,1088126610,1360.53,3506440319.652174,750881535.1132628
3617136615,1247439134,1535.3,3508795559.9787235,743022215.856285
3203431239,1087821058,1361.61,3502433803.2916665,736534103.9010438
3205990069,1092522597,1367.5,3496383931.163265,730183717.1528444
3236023678,1094380177,1380.45,3491176726.1,723763448.8030022
3615055638,1275392740,1530.79,3493605724.372549,716838395.8541913
3182006618,1095805896,1366.39,3487613433.8653846,711200885.6239123
3251304784,1104794388,1383.47,3483154780.09434,705192821.8122758
3684091306,1311702095,1560.49,3486875826.8703704,699157751.7351888
3250282419,1112147779,1388.32,3482574128.5454545,693493436.0965792
3169128326,1079025619,1345.07,3476976882.071429,688526076.675976
3120332560,1078034164,1343.98,3470719964.140351,684063972.3460963
3905941453,1395826686,1684.49,3478223782.913793,680503521.2622161
3226146550,1101617006,1385.87,3473951287.440678,675496031.1094555
4602695446,1739022546,1927.23,3492763690.0833335,685252111.5195898
4142067190,1486594793,1737.31,3503408009.7540984,684595261.8034879
3193299838,1108204379,1373.87,3498406265.048387,680174633.8588746
3247462326,1110599657,1393.22,3494423027.9206347,675483369.6579803
3202971163,1084139798,1361.67,3489869092.53125,671159412.4829718
4509019988,1651872762,1887.98,3505548337.076923,677686179.6679707
3272477362,1107641303,1388.37,3502016958.6666665,673134968.8489115
3224911451,1104631737,1378.25,3497881055.567164,668937079.2958302
6042589944,2274367849,2525.25,3535303245.102941,731248543.7324944
3223654943,1065194247,1346.9,3530786603.0434785,726885140.1871278
3190870604,1100526550,1371.95,3525930660.2,722800809.9297597
3268881194,1124518637,1406.8,3522310245.183099,718331542.5912117
7379614572,3522607455,3614.64,3575883916.388889,844164291.5129402
3076783721,1164939182,1440.91,3569046927.410959,840367254.5114374
3104819682,1170355155,1448.39,3562773586.256757,836388993.7712123
3201972156,1113781900,1377.84,3557962900.52,831824393.2345412
3517013112,1236073596,1491.76,3557424087.513158,826346918.110717
3250306744,1127312204,1395.93,3553435550.5844154,821699517.8921489
3235671649,1080656271,1351.71,3549361654.4102564,817197500.5549165
3502460579,1193835474,1463.54,3548767969.911392,812025820.7348077
3221918283,1115633532,1396.82,3544682348.825,807751385.6652008
3185606343,1103168215,1366.21,3540249311.716049,803728409.5690858
3215857475,1093859505,1376.52,3536293313.707317,799605654.5946041
3528255315,1236517429,1501.59,3536196470.3493977,794774640.0709243
3215536202,1105537353,1383.84,3532379086.202381,790794788.4863466
3212508301,1112588878,1382.51,3528615900.4941177,786885528.5298195
3616896312,1293756163,1540.71,3529642416.9069767,782354480.0092355
3834149146,1495959540,1646.09,3533142494.2528734,778522121.4092054
3271892832,1121197073,1392.45,3530173748.090909,774581178.1701385
3203153963,1099062040,1377.81,3526499368.483146,770988191.836375
3627363124,1291676402,1532.83,3527620076.8777776,766765855.4819673
3199246604,1096598350,1367.89,3524011577.175824,763309258.1393996
3209634746,1097192225,1375.28,3520594437.7065215,759849038.686821
3779176422,1352838964,1598.8,3523374889.1505375,756223194.385195
3514176205,1206947820,1489.52,3523277030.808511,752190567.256545
3262982992,1121312552,1403.69,3520537093.5578947,748692620.8395408
3205656795,1100649243,1377.07,3517257090.4479165,745468795.7470223
3816776554,1371998680,1620.27,3520344919.9690723,742233080.1113701
3235735300,1099676236,1374.65,3517440740.1734695,738990215.3655994
3238217430,1093102878,1376.0,3514620302.6969695,735778423.0093962
3190096122,1087411987,1355.95,3511375060.89,732802031.0648142
3977991637,1488365312,1697.25,3515995026.990099,730627405.3453461
3140527988,1142729121,1383.09,3512313977.5882354,727977660.2789888
3207547862,1105862363,1381.19,3509355083.262136,725051259.9805615
4821414981,1856175345,2035.13,3521971043.8173075,732828944.439564
3255069422,1164612577,1393.82,3519429123.609524,729791472.2464147
3341265267,1173432559,1419.55,3517748332.5094337,726545069.0792298
3542294618,1296745392,1510.99,3517977737.046729,723145886.0188228
5305156344,2756579944,2657.54,3534525687.111111,739863665.3982391
3635821957,1263888576,1518.36,3535455010.688073,736525297.9451967
3564897462,1245769563,1489.21,3535722669.336364,733175137.5747815
7125299062,3266666868,3172.75,3568061195.396396,804822251.8125846
3182675580,1096632090,1366.27,3564620252.401786,802040974.1438466
3294579542,1102023270,1376.29,3562230511.60177,798884652.6384351
3298287454,1097654367,1377.85,3559915221.622807,795753756.1129624
3461717918,1188610832,1446.54,3559061332.026087,792338857.3667426
3135216004,1070811375,1309.48,3555407492.9913793,789888663.3800173
3221193503,1069078343,1345.84,3552550963.162393,787107329.6478144
3552114958,1239994666,1484.66,3552547268.2033896,783765033.9139887
3350773932,1128328561,1399.91,3550851693.9495797,780682261.9845471
3143471349,1136838300,1350.61,3547456857.741667,778304172.8816869
3217375479,1106147130,1382.89,3544728912.46281,775657223.5168538
3536094331,1268687325,1506.59,3544658137.204918,772472151.763633
3203359144,1088155477,1360.25,3541883348.6422763,769935861.8138269
3177079840,1091080057,1358.46,3538941384.862903,767518833.497882
3205263261,1088913698,1368.89,3536271959.872,765020314.3634378
3630425406,1251001001,1517.32,3537019209.4444447,762024271.000827
3213924080,1066427221,1342.78,3534475153.3070865,759555263.4687464
3289130966,1104092233,1374.04,3532558401.84375,756890723.8551788
3595207906,1257168895,1502.09,3533044056.9147286,753971352.3444934
3212381722,1105710532,1342.08,3530577423.5692306,751588188.1659396
3214115807,1069260913,1342.8,3528161686.038168,749220501.09568
3257701460,1095036327,1360.96,3526112744.931818,746745477.3078487
4391932798,1601996253,1834.69,3532622670.142857,747683191.4263943
3763365039,1326950663,1571.51,3534344628.119403,745152770.5366439
3918366884,1367203469,1636.96,3537189237.422222,743117736.5092765
4893633459,1904087913,2067.87,3547163091.992647,749395089.1009547
3965348969,1438553312,1681.98,3550215543.649635,747503147.3550837
3899584314,1437769622,1658.3,3552747201.405797,745379122.1534368
3693716007,1374359292,1578.16,3553761365.47482,742788611.984665
4641461827,1795211883,1960.18,3561530654.4857144,745777618.1650928
3265686802,1173511244,1393.97,3559432471.134752,743542882.9856662
3248476120,1142185402,1394.73,3557242637.6760564,741376297.0615027
3184857730,1099202294,1361.76,3554638547.4125876,739430949.0425888
4472899687,1624184072,1869.16,3561015360.8819447,740794244.8535035
3196155828,1096067847,1360.4,3558499088.2413793,738852627.2475454
3209103613,1101464302,1382.48,3556105968.547945,736881645.7985767
5753813585,2179184161,2408.49,3571056360.4965987,756263046.4370592
3203955985,1101453427,1378.72,3568575952.5540543,754303509.2940136
3228152907,1101802943,1370.83,3566291234.1275167,752281675.3045874
3207372135,1093374783,1367.56,3563898440.133333,750338564.6098528
6968769664,3667028871,3824.1,3586447256.1854305,797211890.1501931
3197252176,1089375728,1359.68,3583886762.236842,795207862.3745768
3175011894,1098614272,1356.42,3581214377.477124,793289374.0211116
3397806497,1214289929,1455.23,3580023417.214286,790846779.2567079
3251485460,1116855361,1378.28,3577903817.4903226,788730255.9157207
3128153124,1091834071,1326.41,3575020800.224359,787017123.5055836
3240382848,1138390577,1417.38,3572889348.299363,784958264.5977056
3478548757,1234182347,1482.14,3572292255.949367,782506042.890402
3233823539,1121389630,1389.57,3570163521.880503,780500251.990272
3208741692,1108886641,1378.26,3567904635.44375,778578559.0660888
3444705734,1236289970,1474.76,3567139424.8757763,776217198.0975329
3210304537,1110070472,1374.67,3564936740.382716,774322326.0196229
3293979825,1128587211,1407.4,3563274428.018405,772233346.6585085
3220422016,1100244480,1371.97,3561183864.530488,770337899.8751717
3498060785,1260760886,1490.97,3560801300.4121213,768015621.2581714
3211292038,1090439896,1366.11,3558695822.927711,766176314.0244373
3225786373,1088037101,1376.26,3556702353.1676645,764310596.9171464
3213417668,1092858022,1380.05,3554658991.946429,762489843.4528537
3590240035,1292151201,1551.69,3554869530.662722,760235507.0696195
3221859576,1092119985,1368.42,3552910648.5764704,758423867.7215772
3227181525,1087314896,1370.94,3551005799.9005847,756610743.4675347
3691488573,1327595107,1569.44,3551822560.2093024,754483688.3826324
3207006326,1097145348,1376.95,3549829402.786127,752753943.3262877
3170791770,1114509774,1365.26,3547651025.586207,751134407.216453
3202511653,1102323452,1372.51,3545678800.6,749436911.2667478
3848820425,1398301623,1636.44,3547401196.193182,747652072.5868039
3243278904,1134298881,1395.71,3545682991.1525426,745885456.5634673
3191845372,1097097476,1371.56,3543695139.3595505,744257351.4274005
4026307973,1480687442,1697.86,3546391300.441341,743046713.3544967
3148109518,1088809354,1362.75,3544178623.8722224,741570945.0292194
3291302773,1126735777,1412.98,3542781519.723757,739757078.5171199
3184739154,1099410028,1363.14,3540814253.978022,738196595.3834512
4591557564,1664141266,1918.37,3546556020.6994534,740240897.2313042
3261512823,1105139021,1385.74,3545006872.8858695,738524024.7939111
3247572691,1120241653,1397.12,3543399120.5513515,736848116.5453833
4027758615,1483596343,1726.1,3546003203.854839,735717757.1254282
4387151882,1818369454,2078.93,3550501325.128342,736307968.8947179
3129988853,1110517885,1344.08,3548264556.6595745,734983834.805583
3236799800,1109112108,1387.69,3546616594.984127,733385025.7706646
7201081907,3627790970,3797.13,3565850622.9421053,777780771.024712
3296022623,1118308802,1404.51,3564437910.9005237,775986392.1652222
3206427783,1112145772,1371.37,3562573274.8177085,774391851.2114781
3205872354,1090495813,1366.81,3560725083.5181346,772807486.0520788
3438474492,1197443162,1450.64,3560094925.829897,770862852.9928722
3283218807,1111201624,1388.86,3558675048.2974358,769138037.8630126
3245939016,1118358338,1396.65,3557079456.2959185,767496933.71022
3605575743,1251729845,1523.33,3557325630.3401017,765554251.3913258
3216582999,1095195936,1371.61,3555604707.959596,764000507.6231488
3216849052,1106607357,1386.39,3553902418.231156,762454843.5844097
3202256761,1095236804,1377.32,3552144189.945,760950644.6132636
3544651343,1264655521,1517.77,3552106912.0995026,759055555.3934534
3210194382,1097147415,1366.97,3550414275.811881,757554553.1955283
3205499242,1100811796,1371.06,3548715186.9753695,756072097.4393799
3560881381,1281353332,1519.06,3548774825.1813726,754217181.643386
3158246210,1122398954,1387.16,3546869807.5463414,752867216.229313
3228921150,1101393176,1380.81,3545326367.461165,751362693.7431033
3233107109,1122031856,1383.65,3543818061.864734,749858166.4225473
3724494317,1332292700,1573.95,3544686697.706731,748157839.5712188
3234497408,1115139741,1394.94,3543202538.4258375,746672711.3979974
3216975209,1104251216,1367.04,3541649074.952381,745231272.2492496
3233404937,1094756210,1375.35,3540188202.2606635,743764570.8068687
3700989920,1322931655,1573.46,3540946700.9292455,742090131.0980668
3250939407,1110132447,1393.07,3539585164.338028,740611456.1145768
3206118072,1115211530,1377.84,3538026906.8971963,739228935.6661623
3888342929,1377334061,1625.15,3539656283.744186,737892871.326838
3222915843,1127968932,1380.58,3538189892.814815,736496732.2090989
3181111005,1090637587,1353.82,3536544367.986175,735195651.0835459
3194497546,1087534740,1363.17,3534975345.8669724,733871546.5030568
4144940195,1491143935,1738.15,3537760573.4885845,733348053.8831536
3235405412,1106337361,1390.88,3536386231.8454547,731962072.805878
3206205024,1090942921,1360.77,3534892199.230769,730640303.8700888
4719708313,1734497438,1972.44,3540229208.752252,733297675.9437156
3200160855,1105560860,1371.69,3538704238.5560536,732004388.7062087
3178242896,1115653866,1364.78,3537095036.133929,730763840.584803
3233002305,1108037864,1385.32,3535743512.884444,729418637.6649791
5403375696,2349943166,2583.13,3544007372.10177,738283750.7633481
3241962314,1112162375,1392.17,3542676777.1321588,736927315.0441278
3261974816,1127848771,1395.56,3541445628.1798244,735543396.1086348
8801349788,3535751249,3694.02,3564414641.978166,811756596.8862367
3164261271,1129410911,1405.19,3562674844.7130437,810417754.4765602
3157990448,1089242850,1364.72,3560922964.2077923,809098038.6754348
3272565550,1092368984,1366.99,3559680044.3189654,807573386.098141
3467134583,1205944106,1461.88,3559282853.497854,805861241.7883841
3217291940,1078264725,1344.13,3557821353.8675213,804446864.7552801
3242196144,1081729280,1354.9,3556478267.868085,802996327.0192882
3287586796,1101313657,1373.74,3555338897.2245765,801483595.3154653
3552113706,1219503368,1484.09,3555325288.822785,799790941.5609059
3285525014,1088956815,1372.49,3554191674.222689,798299720.8269987
4253865081,1594527812,1777.47,3557119178.0167365,797907085.3208466
4354729992,1638631434,1819.74,3560442556.4083333,797898929.9103088
4233106629,1764604221,1961.72,3563233693.639004,797415035.3972543
4112091450,3344274863,2159.18,3565501700.896694,796544313.368498
3674832869,1579103125,1852.33,3565951623.399177,794934456.9053199
3503034038,2162563742,2058.39,3565693764.442623,793314003.9357544
4313605652,2142551079,2210.52,3568746466.02449,793128096.8080254
3226492145,1132772557,1365.94,3567355188.296748,791813924.1211225
3545619952,1229164949,1501.74,3567267191.388664,790210641.6101965
3195503840,1091661556,1372.91,3565768145.6169353,788967696.9482822
3245139041,1098867092,1377.69,3564480478.5301204,787642909.357169
4637734357,1794487703,1950.81,3568773494.044,788979652.9812307
3142831566,1299347594,1535.13,3567076514.250996,787863435.1797866
3438851717,1261331052,1475.64,3566567685.6904764,786339982.7884736
3552177982,1328866087,1516.14,3566510809.3913045,784784931.932267
3557484923,1319910793,1512.66,3566475274.405512,783238760.1226174
3530939576,1303256842,1494.83,3566335918.72549,781704644.3254567
3612180354,1258847493,1508.75,3566514998.5507812,780181624.4802727
3598018527,1270785500,1502.7,3566637580.373541,778664752.084746
3460970635,1205428595,1445.52,3566228018.5697675,777181981.7068726
3315966085,1154737536,1385.12,3565261756.2779922,775835437.2406386
3260559132,1104461195,1362.13,3564089823.1076922,774571664.8793408
3258364260,1091954894,1361.2,3562918460.796935,773317079.3311762
3260627821,1096218696,1362.34,3561764679.7290077,772064916.1565058
3280454893,1092062230,1370.32,3560695060.7680607,770790182.2005394
3212931465,1081448255,1342.56,3559377774.4204545,769625512.1003395
3222459049,1072390514,1346.34,3558106383.0037737,768449728.5214694
3211007983,1075668297,1341.8,3556801501.8007517,767298001.8088917
3226686703,1071867367,1348.19,3555565116.7865167,766125186.8241568
3232563151,1077252915,1350.47,3554359885.5708957,764948062.0392191
3198616726,1063665436,1336.27,3553037420.29368,763831777.5908911
3189702561,1076657190,1332.36,3551691735.6296296,762735355.5532161
3223562080,1076100195,1346.86,3550480925.092251,761586714.8622085
3279370402,1101724142,1370.14,3549484195.227941,760362511.6582259
3232976015,1076100084,1350.79,3548324824.6043954,759209447.7179397
3290388525,1098161545,1374.66,3547383451.248175,757982366.3832399
3242340037,1073463176,1354.99,3546274202.469091,756825726.2552128
3201622586,1064946898,1337.54,3545025464.728261,755737184.1015917
3234151415,1070952966,1351.34,3543903175.7400723,754602179.8879869
4416646506,1705748573,1845.21,3547042540.23741,755053749.2923676
4082797038,1484288892,1705.6,3548962807.2544804,754379133.6697875
3513096940,1211382811,1467.94,3548834714.8714285,753033862.6837615
3224042631,1076277162,1347.17,3547678871.156584,751941529.7421381
3263949857,1094228053,1363.59,3546672739.900709,750796576.2948729
3478050173,1214386063,1453.22,3546430257.3321557,749479968.4232717
3244779758,1084410748,1355.55,3545368107.6866198,748372637.6394494
3293257830,1098128711,1375.81,3544483510.2210526,747207273.7397939
3259243693,1094700539,1361.6,3543486168.2027974,746089829.4254624
3568086253,1229777714,1491.12,3543571882.7839723,744790297.7723244
3228362957,1080192741,1348.55,3542477407.3472223,743727297.355836
3226816439,1066658787,1348.38,3541385154.861592,742670812.4358188
3203776473,1084010351,1365.73,3540220986.9931035,741653344.0390012
3576599953,1261401075,1521.14,3540346000.621993,740380989.6716077
3222877685,1091555297,1373.32,3539258780.3630137,739344785.4669375
3157793126,1099663552,1361.88,3537956849.8020477,738417242.9857534
3606699086,1310387859,1531.5,3538190666.931973,737171226.5451752
3186593545,1103884871,1373.24,3536998812.281356,736204416.5137755
3184327482,1093476321,1366.86,3535807355.0844593,735244616.005937
3207866991,1098490387,1370.7,3534703178.7744107,734251578.016982
3742683039,1331072922,1596.55,3535401097.7684565,733117248.6406722
3211059498,1089229012,1365.22,3534316343.2541804,732129788.0035565
3192321413,1090430055,1360.34,3533176360.153333,731174317.0681807
3782110735,1373325183,1592.93,3534003384.654485,730099267.4284997
3190140547,1097029970,1366.36,3532864765.986755,729157131.9146941
3186769052,1093799565,1363.8,3531722535.907591,728223490.6899352
3238546783,1104192445,1386.82,3530758141.9835525,727218550.5497224
4088399558,1504446808,1728.61,3532586474.495082,726724918.6547
3274800477,1125886591,1404.93,3531744036.5947714,725685644.2502208
3200719631,1088560775,1360.2,3530665781.2019544,724748264.5856919
3557167094,1274434947,1509.92,3530751824.4253244,723572339.239043
4329407256,1585249379,1821.22,3533336469.8349514,723823273.8852311
3239043930,1110607708,1389.02,3532387139.0612903,722847526.5311438
3186754579,1093306293,1360.61,3531275780.3472667,721949680.6992339
5877468841,2229495375,2482.59,3538795629.900641,732889666.3157066
3205641862,1104019035,1379.54,3537731240.8658147,731959475.4784504
3151571692,1094285862,1348.97,3536501433.38535,731116821.2367636
3227111604,1106631579,1377.31,3535519243.4507937,730162854.9887806
6789945697,3647815233,3845.24,3545818061.341772,751572571.0933255
3214323956,1096607621,1374.45,3544772338.6119876,750616406.7389454
3191892987,1105968550,1371.54,3543662655.116352,749695649.1552688
3439917228,1230406163,1498.16,3543337434.341693,748542122.197809
3194305365,1103298484,1374.15,3542246709.125,747625462.2220042
3208301094,1109652275,1380.04,3541206380.105919,746691974.4777846
3200894597,1104809891,1377.67,3540149511.214286,745772039.1493422
3432213172,1225248569,1469.46,3539815342.9814243,744640842.746838
3203932088,1101531497,1380.21,3538778666.2685184,743724225.432507
3220855983,1079763585,1360.82,3537800442.627692,742787884.0930008
3546417576,1280728180,1516.72,3537826875.5521474,741647916.964884
3181649901,1096933251,1356.07,3536737649.330275,740774135.0243753
3193435982,1088716194,1361.56,3535690997.905488,739886162.6971127
3214545831,1095046284,1375.97,3534714872.7781153,738972349.3899106
3485458280,1260629008,1476.16,3534565610.3757577,737856811.8264124
3242391929,1113332495,1390.83,3533682910.432024,736915860.5874474
3201438176,1105369778,1375.41,3532682173.2801204,736030431.4988178
3261565963,1116520835,1404.25,3531868010.4864864,735074157.2963425
3666850881,1316908596,1558.53,3532272150.817365,734009971.9352133
3191254279,1106576675,1367.21,3531254187.0208955,733149695.4467208
3215463876,1073717764,1343.25,3530314334.904762,732259968.3150387
3569665799,1292284547,1491.41,3530431104.8278933,731175854.9587582
3205587871,1068247919,1339.35,3529470030.1715975,730306576.2836196
3211745120,1077772914,1342.05,3528532788.5486727,729432179.7913952
3234957183,1074546496,1351.47,3527669330.885294,728532177.6419967
3859180841,1367332443,1612.94,3528641505.4017596,727683995.550357
3218208345,1066462649,1344.62,3527733806.1023393,726812656.4958223
3295474261,1093396587,1376.8,3527056664.571429,725860416.94703
4850704618,1769111978,2026.72,3530904478.389535,728299444.9703499
3666188754,1243241134,1531.37,3531296606.7246375,727279538.462019
3789045188,1316294662,1582.72,3532041544.8208094,726359596.5319403
3874727926,1373749579,1617.62,3533029113.642651,725544801.1507521
5686769810,2414940975,2377.42,3539218023.6896553,733616777.1931629
3786126730,1394973127,1614.94,3539925498.4928365,732683871.1277572
3535583978,1290472376,1516.94,3539913094.1485715,731636467.8751723
6265974986,2576764832,2619.55,3547679652.245014,744901786.5124387
3175776691,1144960888,1363.69,3546623109.7414775,744106260.3491192
3169224200,1107968306,1359.51,3545553991.0169973,743322224.4184442
3243496362,1105024990,1383.09,3544700720.878531,742444694.6673843
6712224241,3574344103,3523.36,3553623322.343662,760167295.9363897
3207780611,1104884679,1378.96,3552651854.053371,759319539.4576092
3248153117,1108122090,1396.1,3551798916.414566,758426082.5317045
3559011669,1255030763,1524.57,3551819063.7681565,757366183.1572198
3394519980,1171922636,1439.86,3551380904.7604456,756356056.3528594
3227558160,1112516080,1384.72,3550481397.1361113,755497094.7043349
3282890209,1136267236,1410.63,3549740147.3074794,754581053.3086151
3497998843,1250942583,1487.79,3549597215.527624,753542987.1073341
3226685346,1085971226,1368.53,3548707651.1487603,752694646.7130297
3200071329,1100519129,1377.45,3547749859.054945,751881493.9908327
3234487623,1104093876,1376.67,3546891606.3534245,751029336.85202
3522454320,1243340824,1501.22,3546824837.8114753,750003723.4986675
3219314277,1092246398,1369.88,3545932438.4632154,749175777.9919906
3187930051,1097373290,1367.04,3544959605.888587,748389271.340021
3528199616,1245534529,1497.96,3544914185.8617887,747375013.6548684
3268301690,1125068858,1398.37,3544166584.5216217,746502512.3491622
3248862749,1121476328,1397.64,3543370617.3099732,745652972.1377015
3206930296,1106461217,1379.96,3542466207.844086,744853809.4680835
3715298171,1306899004,1566.28,3542929564.313673,743908359.160038
3200864043,1097358846,1364.45,3542014950.620321,743123132.4078896
3204436831,1108158021,1363.45,3541114742.3013334,742335807.7962431
3726040329,1332457874,1575.29,3541606565.6702127,741409177.6778123
3231848103,1069053675,1350.52,3540784925.1856766,740596615.259371
3212823049,1096774099,1382.3,3539917301.174603,739808169.2009344
3178216084,1099140925,1363.89,3538962944.4010553,739064477.9379116
3939338089,1418527823,1663.88,3540016563.2026315,738376342.9949479
3225675631,1100054142,1382.06,3539191521.3858266,737582075.0756749
3225561923,1100810639,1378.4,3538370501.4947643,736790325.8435434
3186023741,1097882719,1362.34,3537450536.062663,736047482.0058618
4102387072,1461741999,1714.02,3538921724.9583335,735652099.1895139
3215848052,1101798187,1376.05,3538082572.561039,734880086.9233056
3195492097,1089634496,1359.68,3537195032.468912,734134134.3417051
4651773004,1715774102,1943.68,3540075078.9069767,735365232.8144562
3196343527,1085614764,1355.74,3539189172.8453608,734623739.1394348
3149413221,1086267484,1332.84,3538187178.11054,733944313.8602313
3195043623,1121317076,1359.56,3537307322.841026,733208143.9311751
5581533658,2257945145,2490.73,3542535523.186701,739513050.5257082
3295039435,1128185259,1415.94,3541904155.6147957,738674700.6493343
3293471862,1123891381,1402.48,3541272012.374046,737840471.1219977
8446623203,3442797860,3608.72,3553722142.2994924,777138383.5117784
3170786476,1102792565,1369.54,3552752684.9164557,776392551.9779044
3287504432,1134918693,1409.81,3552082866.0959597,775525904.8162723
3210444831,1087281647,1360.85,3551222316.8891687,774737840.5234504
3404295270,1199960098,1450.89,3550853153.454774,773798900.3032284
3224688170,1103864790,1388.11,3550035697.35589,773000667.4815638
3246125424,1124066497,1396.77,3549275921.6725,772182966.1574159
3466014398,1229109375,1479.76,3549068286.9501247,771230723.6710566
3260161466,1113245690,1385.05,3548349613.266169,770405314.2790006
3202540552,1090394867,1366.58,3547491526.2655087,769641202.8237745
3202053058,1095740348,1373.73,3546636480.55198,768879710.2138677
3563789611,1243363382,1502.12,3546678833.960494,767930361.1848245
3191366574,1095778633,1371.51,3545803680.6108375,767186236.468584
3207672455,1098554226,1381.5,3544972891.358722,766426002.6039145
3207466327,1086601655,1359.95,3544145669.3872547,765668073.3339903
3516502423,1251442774,1492.57,3544078081.987775,764732694.5269942
3191864855,1082367230,1353.98,3543219025.3365855,763997085.3990238
3222936254,1097548048,1372.57,3542439748.5206814,763230210.4116505
3641895454,1321489402,1536.31,3542681145.8640776,762319106.2808594
3252464909,1099892897,1387.76,3541978443.11138,761529228.7960796
3192398283,1096483659,1372.11,3541134046.589372,760802502.8126687
3189777550,1101587929,1369.93,3540287404.4289155,760080559.3082069
3694978130,1328069043,1557.14,3540659257.1346154,759204244.339632
3197432395,1098749999,1365.32,3539836171.1342926,758479188.614337
3233460913,1100768913,1381.51,3539103215.971292,757719214.5995008
3796842058,1385722094,1623.66,3539718344.4725537,756918961.0302423
3199136544,1093729729,1369.35,3538907435.4238095,756199528.290688
3253190372,1118767259,1399.44,3538228772.5653205,755428942.5065559
3211923586,1158250485,1379.58,3537455537.5260663,754700135.4631126
4015384544,1474764725,1703.01,3538585393.3333335,754164771.2211262
3174169419,1096984639,1364.7,3537725921.6957545,753482277.7883483
3200422062,1102905820,1377.86,3536932265.555294,752772720.0119336
3263246077,1101685166,1386.78,3536289809.713615,752005307.7303
4550096199,1698754989,1911.03,3538664063.5526934,752721060.852098
3173039320,1084017370,1346.41,3537809800.1331778,752048402.3411448
3188724147,1108897372,1373.21,3536996080.6620045,751359989.8049144
6019749732,2560958627,2520.85,3542769926.3627906,759954370.6661977
3524691733,1313382621,1495.55,3542727981.598608,759072739.4163483
3684512452,1320607156,1577.37,3543056186.391204,758224289.9733212
3719909600,1298856902,1553.71,3543464623.8360276,757395813.0372385
5836971506,3376766822,3278.89,3548749201.90553,764472979.5520722
3194334847,1067130286,1334.57,3547934456.2620687,763782389.4267483
3140326097,1084447383,1349.09,3546999574.7041283,763155121.9548179
3544562239,1208694811,1480.71,3546993997.276888,762281455.5538583
3227171889,1071456883,1348.54,3546263809.8150687,761563762.0555568
3200351936,1067330750,1336.87,3545475855.660592,760874607.277598
3235707806,1070540157,1352.08,3544771837.365909,760152619.1169318
3457774634,1213183137,1444.37,3544574564.7959185,759301554.6816027
3199649290,1076700808,1336.8,3543794190.871041,758619157.4883446
3589853911,1241612016,1499.41,3543898163.1512413,757765597.2237133
4309495258,1584389629,1800.71,3545622480.9324327,757781364.8469338
3830201916,1332231705,1600.08,3546261985.280899,757049382.4048381
3935124677,1412804981,1643.15,3547133874.724215,756423837.2867067
4048880063,1468837792,1691.19,3548256349.4183445,755949020.0970206
4325054006,1621877056,1807.18,3549990272.758929,755994209.0615007
3547383645,1280025931,1481.64,3549984467.351893,755151885.4165707
3296827022,1151023839,1377.27,3549421895.251111,754406548.8470078
3186492284,1122994339,1357.41,3548617173.274945,753763041.9676058
3754384655,1333362217,1580.43,3549072411.066372,752990837.263345
3223728815,1106057421,1378.96,3548354213.282561,752314230.3644422
3157598505,1085203519,1357.39,3547493517.889868,751708478.9556069
3694588630,1324604774,1568.79,3547816803.850549,750913566.3343253
3192047902,1089931536,1374.53,3547036608.890351,750274339.7522757
3212463811,1112150611,1373.72,3546304502.1115975,749616060.3326356
3208120255,1109541373,1374.97,3545566108.558952,748963615.2276438
3795442388,1389563792,1611.4,3546110501.324619,748238014.1054102
3267370861,1115179908,1387.2,3545504545.5847826,747537005.9235379
3225339362,1104871380,1371.07,3544810044.101952,746874337.136574
4092315672,1473369078,1722.36,3545995121.2186146,746499365.1022909
3253044509,1102300653,1382.96,3545362398.514039,745816780.5421722
3255159625,1100578101,1381.65,3544736961.5021553,745134205.1364204
3229008324,1111239072,1371.05,3544057975.184946,744476235.9160614
4635656096,1747612145,1950.05,3546400460.4227467,745390544.8993683
3269294047,1124386809,1399.1,3545807084.805139,744702224.8961682
3220638179,1103454133,1367.86,3545112279.450855,744057690.7123026
4789246010,1801615467,2022.07,3547765016.6162047,745476183.0546434
3829485729,1462564129,1744.87,3548364422.387234,744795831.6853672
3254756090,1107789641,1393.9,3547741050.1316347,744127487.9736851
3235598879,1106024703,1374.55,3547079731.9724574,743477342.3541218
7198082895,3650888972,3793.8,3554798554.7272725,761388075.7645637
3184724645,1097650748,1372.26,3554017808.0822783,760774017.4555202
3265392765,1113741581,1400.86,3553410176.4126315,760087913.348758
3148207069,1109492803,1354.47,3552558909.380252,759515714.968411
3449786946,1185254806,1441.28,3552343454.5303984,758733720.6400499
3224668893,1120176921,1388.6,3551657942.8953977,758087507.3113602
3256903239,1120094751,1398.54,3551042588.607516,757415265.474921
3522925823,1258406228,1531.62,3550984012.0125,756626965.9934851
3251465621,1123573113,1400.38,3550361312.654886,755963154.9469012
3214470680,1098510327,1377.78,3549664444.1224065,755333193.938403
3183991429,1110285103,1372.23,3548907357.1345754,754733919.3984425
3448571966,1240494777,1467.09,3548700052.607438,753967597.7613987
3174665673,1097816134,1357.98,3547928847.7010307,753380981.756956
3213666763,1099089839,1377.9,3547241065.6337447,752757905.3318491
3546023611,1249353248,1498.86,3547238565.726899,751984658.1433332
3217131336,1087482096,1365.03,3546562116.485656,751362094.39586
3243160190,1097534250,1377.81,3545941662.6482615,750718569.1557944
3216903371,1099053217,1370.39,3545270155.930612,750099133.8738686
3548065184,1279848635,1500.73,3545275848.4521384,749334906.7422572
3274282628,1124331312,1399.66,3544725049.223577,748672489.1972084
3193203669,1105216860,1375.46,3544012024.111562,748080004.4925134
3231855316,1091685473,1377.27,3543380127.9412956,747454147.7395626
3804409740,1370340073,1618.72,3543907460.490909,746790741.9606254
3178194042,1094028970,1364.66,3543170135.050403,746217884.0718733
3198485586,1099649395,1375.88,3542476604.7706237,745626779.2984912
3890812835,1387178752,1625.75,3543176075.1124496,745040986.4469196
3274514697,1125728902,1406.37,3542637675.557114,744391047.6633797
3255107199,1121228295,1395.61,3542062614.604,743757226.94472
3215284267,1096942914,1375.08,3541410362.4131737,743157713.9141723
4137252299,1520120516,1753.54,3542597298.5418324,742892346.9408028
3217448011,1095570333,1376.84,3541950878.4870777,742294826.4643571
3269671118,1107221358,1388.05,3541410640.8670635,741657034.044273
4475375587,1679299252,1881.25,3543260076.40396,742084783.2735504
3194363875,1100016977,1375.28,3542570558.2193675,741513048.1608917
3198565574,1101123915,1378.57,3541892047.4023666,740938628.443959
3192778166,1103807757,1371.87,3541204815.352362,740370726.0581803
5872000781,2338401321,2540.54,3545783982.2789783,746809235.2442565
3250043530,1126054870,1392.75,3545204099.0392156,746191407.0640205
3259848504,1089335556,1385.53,3544645673.2172213,745567584.278639
8762842418,3478086264,3661.63,3554837463.734375,779656483.7426777
3179086307,1106382476,1382.87,3554105005.3391814,779072524.0338562
3272740135,1113198441,1387.1,3553557602.8677044,778413048.1479081
3239436206,1106550490,1380.1,3552947658.407767,777779879.5703486
3402614717,1213565295,1444.34,3552656315.498062,777053979.6518031
3241352613,1109386887,1380.86,3552054180.6769824,776422600.7244487
3215005965,1088332986,1366.3,3551403508.4459457,775813876.5258344
3208550316,1110582455,1379.2,3550742904.992293,775211918.8224175
3497062047,1214248266,1494.72,3550639672.5730767,774469734.8430377
3177015434,1097190962,1365.28,3549922543.516315,773898920.1711642
3264080506,1103474946,1384.94,3549374953.4061303,773258305.8861848
3572946799,1261167641,1520.1,3549420023.8565965,772519385.7959524
3244636582,1119516557,1393.98,3548838376.066794,771896518.1727189
3284293515,1118799668,1398.09,3548334481.0933332,771247288.7332896
3203778031,1113945219,1372.34,3547679430.807985,770659984.7281488
3499574499,1259552012,1492.97,3547588150.1024666,769931307.2658863
3262460514,1103148916,1384.95,3547048135.6401515,769301750.302079
3203859191,1094988143,1365.49,3546399385.2722116,768718832.8213356
3653705341,1276890764,1545.35,3546601849.3396225,768007401.551063
3238196042,1086780645,1372.76,3546021047.442561,767400386.4431416
3195497729,1093257323,1370.1,3545362169.024436,766829127.0236299
3267221074,1117149993,1395.3,3544840328.3208256,766203982.6948808
3729649194,1371457083,1611.59,3545186412.338951,765527924.653294
3224434422,1068456171,1347.3,3544586875.908411,764937616.8629553
3185582622,1070154276,1331.38,3543917091.852612,764380732.870713
3223650068,1079070965,1346.82,3543320691.4357543,763793503.3017831
3827165672,1390532462,1630.02,3543848284.336431,763181263.8734505
3248672283,1079884835,1357.5,3543300647.9703155,762578774.0135089
3201951634,1060251346,1337.56,3542668520.1666665,762013689.1663978
4183276494,1496042824,1748.07,3543852638.417745,761806207.8107495
3196849228,1067448255,1335.84,3543212410.723247,761248773.7297844
3265110679,1090506017,1364.27,3542700252.8379374,760640944.6000991
3493618617,1199607838,1459.25,3542610029.242647,759944412.735442
5425234560,2134414528,2268.14,3546064386.1798167,763509773.0132953
3804837012,1368796489,1589.1,3546538328.717949,762890505.514687
4026343405,1431224678,1681.28,3547415486.0786104,762468379.4510516
6512342283,2731330674,2723.75,3552825936.4379563,772210770.2088567
3469095756,1244076668,1466.71,3552673422.448087,771515422.0657728
3404872924,1220616021,1462.4,3552404694.269091,770839441.8243335
3217750341,1160813677,1385.38,3551797336.0961885,770271341.9550704
6150172052,3409437857,3349.75,3556504536.6684785,777465113.1136063
3191387475,1101360478,1355.71,3555844288.81736,776916721.6257914
3212367335,1092400873,1372.5,3555224294.3158846,776352131.3304038
3404518421,1229923182,1461.66,3554952752.201802,775678731.4046863
3262579163,1117919301,1402.64,3554426900.422662,775079872.8122942
3182098932,1094251473,1365.58,3553758448.0556555,774544190.0103523
3246637649,1095518299,1379.55,3553208052.3584228,773958858.2007034
3451558154,1226217555,1476.2,3553026209.964222,773278208.0221736
3198969669,1117302842,1365.61,3552393966.1410713,772732070.6870521
3203865689,1123430189,1401.04,3551772703.614973,772183021.57382
3442103552,1248373648,1502.05,3551577562.7758007,771509565.0903338
3460184355,1236454656,1473.63,3551415230.257549,770833689.7051867
3212287198,1114059210,1378.96,3550813939.4202127,770282163.5338885
3208508329,1090239707,1371.66,3550208088.782301,769734682.0308235
3611202099,1239565105,1520.42,3550315852.0512366,769058669.599297
3198754197,1095144990,1374.29,3549695813.8589067,768521769.7738222
3132019834,1100288948,1342.61,3548960468.8239436,768044576.7300334
3250929659,1116697301,1399.32,3548436688.841828,767470899.9007598
3633818077,1343641539,1574.33,3548586480.7508774,766805709.1239102
3203711406,1087299520,1359.16,3547982496.3817863,766269647.9325799
3204902622,1087237231,1358.88,3547382706.391608,765733680.8155675
3672389175,1316401224,1567.1,3547600867.767888,765083001.2902113
3275700317,1110857404,1392.28,3547127173.428571,764500356.5906051
3205691247,1103267261,1376.45,3546533371.8173914,763967757.3517879
3183612365,1105902408,1369.07,3545903300.625,763453815.0894176
3844318411,1381349898,1628.68,3546420484.52513,762892939.2859976
3234461715,1117674368,1389.15,3545880763.470588,762342958.2951351
3206986769,1097183184,1378.25,3545295454.326425,761814320.5131987
4132307984,1482904230,1736.11,3546307544.8948274,761546795.6344332
3190068980,1095674102,1365.35,3545694397.6230636,761034410.4327434
3247853046,1118691233,1396.16,3545182642.7233677,760480368.245362
3213783692,1104790030,1382.28,3544614205.4150944,759951614.5880269
4575356794,1674246506,1912.57,3546379175.6010275,760495664.792476
3188578636,1103418984,1367.82,3545767550.7470083,759989133.5127739
3206996845,1095988727,1377.66,3545189443.7406144,759469128.5531216
3187813373,1115627792,1372.01,3544580625.902896,758965052.7526488
5590899959,2240362214,2480.66,3548060760.823129,762992573.9854015
3224853945,1107559428,1385.74,3547512022.5959253,762460713.5065476
3193007238,1118842235,1375.51,3546911167.0288134,761953838.5019403
7007176946,3587451968,3357.43,3552766100.6649747,774478301.9130282
3611785348,1332182599,1533.08,3552865795.339527,773827700.6644984
3551657744,1331982487,1509.57,3552863758.153457,773174958.3997786
3614078002,1377902367,1573.09,3552966812.436027,772527939.6722265
3914034338,1448021068,1644.92,3553573648.6134453,772020164.1990026
3530822846,1240671701,1475.02,3553535476.1258388,771372786.3588054
3284253905,1223322036,1372.04,3553084418.2177553,770805135.5484928
3525830255,1282639818,1473.46,3553038842.6939797,770161185.0461215
3229465996,1090108351,1349.22,3552498654.3021703,769631417.3946592
3181004607,1089184373,1328.67,3551879497.556667,769139082.0045075
3192139195,1077565961,1333.64,3551280928.0016637,768638784.5347575
3614094461,1249408147,1510.0,3551385269.418605,768004374.7513562
3176751871,1069110611,1327.14,3550763986.8341627,767518681.5014676
3165640168,1081700794,1322.33,3550126364.61755,767042878.348447
3557049087,1242187812,1486.4,3550137807.1338844,766408748.0401175
3215505056,1071004073,1343.46,3549585607.8745875,765896579.3558278
3223080798,1089902626,1346.76,3549047708.6820426,765379983.7450707
3205545172,1085256669,1339.29,3548482737.4046054,764876965.1564993
3585674909,1277740049,1498.18,3548543808.2939243,764250212.916349
3273316180,1087037261,1367.36,3548092615.4606557,763704693.9407349
3290360386,1098130259,1374.63,3547670795.11784,763150590.6922201
3231361287,1075647107,1350.16,3547153949.51634,762633862.3854907
3662937525,1285647333,1530.27,3547342829.737357,762025884.1540378
3207614736,1074436904,1340.21,3546789526.6530943,761528315.995972
3214796820,1068385798,1342.94,3546249701.113821,761026500.6573632
3844482168,1371065987,1605.99,3546733844.728896,760503314.0496382
3205491808,1070397603,1339.33,3546180778.2188005,760010744.2485286
3197063530,1070396517,1335.74,3545615863.57767,759525232.9131371
3245138391,1073791014,1356.1,3545130439.5508885,759007411.2346693
4082369256,1441787314,1705.85,3545996953.770968,758701419.1942749
3225436456,1090252667,1347.24,3545480753.2914653,758199257.1620578
3234473607,1075807154,1351.18,3544980741.802251,757691987.9795843
4545827375,1644561473,1899.72,3546587237.200642,758143072.9620069
3183899383,1103700036,1387.8,3546006006.6650643,757674246.1238387
3236626140,1077672644,1352.57,3545510998.8784,757168839.3142389
3232011568,1071531813,1351.0,3545010201.065495,756667415.7995639
5893695603,2259428701,2493.23,3548756110.797448,761850614.5926217
3220642956,1096988902,1372.81,3548233637.621019,761356215.2029777
3202183663,1101589727,1373.72,3547683478.6788554,760875681.6904135
3132335167,1083476480,1322.43,3547024195.6444445,760451353.5126169
6606238895,3402803353,3633.33,3551872396.4358163,769531015.0559045
3176423563,1108187941,1364.76,3551278331.825949,769066759.5243791
3181556649,1090148750,1366.25,3550694253.338073,768599313.1256268
3424251260,1206104472,1448.2,3550494816.440063,768009314.6985452
3200115949,1087075984,1357.87,3549943038.696063,767530100.4141266
3218705298,1093548432,1375.4,3549422224.638365,767038744.3568074
3181608823,1095497411,1360.18,3548844809.5651493,766574757.6206768
3530944457,1236722403,1494.08,3548816752.586207,765974085.4338764
3198047018,1089367375,1367.78,3548267817.164319,765500077.9136875
3229537184,1101698715,1374.68,3547769800.55,765005388.5196579
3512822529,1216644256,1467.92,3547715280.625585,764409671.8598703
3274004611,1093059037,1368.32,3547288940.0186915,763890371.4100665
3171167784,1074186958,1324.69,3546703992.653188,763440016.7127597
3224752574,1074071514,1347.32,3546204068.090062,762952376.3228946
4203776916,1516042405,1756.5,3547223560.8775196,762799583.7826054
3673319375,1297903667,1534.16,3547418755.636223,762225073.7966446
3698318629,1344106217,1543.96,3547651985.7341576,761658868.7785406
4461466584,1689490930,1864.29,3549062193.4475307,761915781.8638712
3918448581,1415148946,1636.42,3549631355.8320494,761466413.1874661
3754267423,1373574961,1595.1,3549946180.5507693,760922713.5173162
3451680097,1257738553,1479.21,3549795234.185868,760347801.9711841
3953408720,1500243363,1682.93,3550414273.27454,759928647.1075343
3246166597,1140626632,1382.52,3549948350.339969,759439741.3470949
3185687850,1100963844,1368.19,3549391377.0978594,758992368.2700051
3142920387,1101630399,1346.57,3548770810.700763,758578787.5607185
3781371529,1395503317,1596.55,3549125384.9664636,758054699.6176301
3194230948,1097278769,1366.82,3548585210.785388,757603912.198339
3262448237,1126877555,1398.9,3548150352.162614,757110059.7447951
4153617582,1480083559,1735.87,3549069118.8239756,756902407.8913186
3254813266,1118642336,1391.63,3548623276.6227274,756415372.5096462
3192332738,1104069460,1370.13,3548084259.1664147,755969819.5640056
3249476943,1117380260,1396.25,3547633190.7129908,755487642.8291336
4619406892,1701454352,1945.02,3549249742.2986426,756062606.8736027
3264993450,1101275203,1383.73,3548821645.4728913,755573478.8262182
3207727863,1092913248,1364.78,3548308722.4917293,755120844.9808851
5827705557,2195230831,2435.92,3551731240.2612615,759697891.0484698
3209112358,1097319982,1363.47,3551217568.773613,759243924.3529658
3235519879,1115326645,1381.14,3550744967.4416165,758773590.3158289
3222225427,1090464342,1372.64,3550253906.8430495,758312501.0569603
7154903890,3683681182,3834.94,3555633981.444776,770418019.2806917
3246442035,1101543753,1375.81,3555173188.6780925,769936113.7838265
3160729469,1113792470,1347.89,3554586218.857143,769513259.1889868
3508064575,1226408950,1486.54,3554517093.086181,768943430.8767525
3199627419,1092498530,1365.68,3553990550.543027,768494193.8788886
3202232141,1096501953,1371.9,3553469426.9733334,768043895.7462394
3291579469,1132241947,1411.93,3553082015.7928996,767541604.3127844
3497840936,1232305224,1490.07,3553000418.924668,766977459.2512878
3237549882,1118450010,1391.18,3552535152.6460176,766507236.1901969
3275298402,1126273783,1405.44,3552126851.0986743,766016370.9121358
3195210192,1096701078,1363.11,3551601973.6588235,765575097.007247
3540222108,1247238880,1515.61,3551585263.136564,765012918.3579863
3237519228,1121859075,1388.86,3551124755.753666,764546305.177861
3209747103,1103222741,1375.22,3550624934.885798,764097900.6912103
3581599320,1267192381,1531.53,3550670219.0745616,763540062.4712967
3179075747,1089422844,1355.54,3550127745.3927007,763114426.3133235
3165989086,1110863802,1359.71,3549567776.5014577,762698841.1982424
3269051131,1118106066,1402.93,3549159455.3289666,762218576.1137897
3562241274,1278193912,1516.59,3549178469.600291,761664599.8137012
3200605651,1108545298,1378.79,3548672558.397678,761227338.4924104
3203813552,1098849288,1376.83,3548172762.736232,760788645.2709136
3746204560,1351428245,1618.67,3548459349.9971056,760275218.8026012
3203215520,1103800161,1377.87,3547960442.728324,759838875.9177401
3240861496,1096134760,1376.17,3547517298.5050507,759379935.1022379
3184507664,1100275129,1370.7,3546994229.867435,758957556.1559327
3906074163,1401949303,1639.29,3547510891.6417265,758533471.350522
3204920195,1108808647,1383.0,3547018663.62931,758099421.0685614
3212330952,1086709021,1361.97,3546538480.3988523,757661308.3842756
3223499920,1098947746,1370.25,3546075674.4383955,757216961.0210633
4161533159,1495529181,1764.57,3546956157.248927,757032606.9331429
3205615021,1106517862,1378.34,3546468527.0542855,756601524.2300688
3230259946,1107902426,1387.31,3546017444.9129815,756155860.7966216
4464112556,1637053797,1880.96,3547325272.7065525,756410071.407056
3248687167,1100284339,1379.52,3546900467.4352775,755955687.0358815
3218326956,1098740503,1369.43,3546433743.697443,755519946.9560919
3152906751,1088182967,1341.1,3545875549.3815603,755129183.0343333
5625155835,2273055536,2502.92,3548820705.5934844,758635312.3886471
3211492120,1096960899,1365.82,3548343578.881188,758204600.5227787
3222476408,1112669341,1387.52,3547883314.515537,757767787.7986865
8351619695,3599866520,3780.51,3554658683.176305,778397912.0715374
3190706416,1093514822,1363.16,3554146074.3492956,777969296.9207087
3163052012,1110176224,1360.89,3553596012.376934,777560160.9541444
3162067245,1089155621,1346.99,3553046112.422753,777152267.0213108
3471547913,1194297226,1464.52,3552931809.197756,776613077.3658228
3249994431,1119385711,1397.83,3552507527.1554623,776151728.6603168
3235719605,1112381448,1393.01,3552064467.1244755,775699124.7204839
3438111101,1209089350,1465.97,3551905314.3784914,775168927.9575458
3193363980,1098611881,1365.69,3551405256.7294283,774743732.5676984
3255670742,1115935691,1390.21,3550993370.2186627,774282583.1841224
3165614809,1106108822,1351.98,3550457377.783032,773877235.4746462
3570760916,1280625489,1515.17,3550485577.141667,773340003.6596001
3229676630,1107229186,1384.27,3550040627.145631,772895741.7799443
3256268151,1121969120,1392.81,3549633740.059557,772437580.0468075
3219959750,1088184469,1367.57,3549177759.437068,772000438.133907
3665623219,1287602402,1548.74,3549338595.7071824,771479225.9090463
3192802337,1082283282,1354.41,3548846821.5572414,771060536.7165172
3210438966,1097529353,1368.05,3548380695.0344353,770631531.3075365
3573287144,1289608640,1523.42,3548414954.2489686,770101894.2325284
3271224236,1116162944,1404.33,3548034197.767857,769641271.0158098
3168276212,1113094505,1361.1,3547513267.7462277,769241635.477628
3294885198,1123377801,1404.39,3547167201.89726,768771362.1142415
3729389556,1337620659,1570.21,3547416480.0834475,768274869.2520026
3200233103,1111613879,1376.38,3546942185.852459,767856998.0615975
3196305947,1106305481,1373.86,3546463828.0914054,767442179.3401539
3816512029,1381463733,1623.34,3546831741.1716623,766983904.3288088
3186428116,1118946248,1381.43,3546341396.103401,766577087.8369653
3220298876,1095974196,1374.92,3545898403.548913,766150275.9012748
3183725967,1090217223,1367.33,3545406989.116689,765746385.5718421
4141777301,1480747621,1730.73,3546215078.9701896,765541807.3891355
3244257720,1072829934,1355.64,3545806476.3193502,765104199.1752948
3214251004,1070997158,1343.01,3545358428.383784,764684070.4143854
3221969236,1063781081,1346.27,3544922005.7219973,764260130.0045152
4733748415,1735940273,1989.49,3546524197.648248,764989228.2263844
3263690300,1081392445,1363.89,3546143532.9138627,764544576.892271
3262686356,1078030551,1363.32,3545762542.084677,764101173.2886636
6291597163,2539758583,2696.46,3549448226.1395974,770177645.448972
3276933402,1103301879,1368.97,3549082924.766756,769725849.4179429
3438229548,1211416705,1436.09,3548934526.6720214,769221144.1365459
3732628169,1314655975,1558.53,3549180106.407754,768736089.5459757
5892861732,3532446860,3342.32,3552309187.3497996,772974748.299258
3460649023,1244786002,1466.64,3552186973.7973332,772466501.1535728
3329006863,1209685878,1427.47,3551889796.5525966,771994938.1583579
3582101879,1319221244,1531.63,3551929972.194149,771482258.5100981
3266139266,1142221911,1404.78,3551550436.063745,771040064.3844335
3210343918,1110893915,1377.95,3551097907.525199,770628650.2357643
3208064525,1099000786,1378.3,3550643558.6741724,770219180.5829625
3535885583,1246298005,1510.14,3550624037.542328,769709794.693711
3263479796,1119875208,1399.78,3550244718.8612947,769271935.2458216
3207624906,1098650528,1373.61,3549792713.831135,768864916.8975745
3479273317,1223614592,1471.74,3549699802.899868,768362509.3506742
3241145572,1103526934,1379.0,3549293810.4907894,767938301.2895291
3299941752,1141095119,1419.37,3548966146.8134036,767486736.6768819
3198726564,1094008730,1366.75,3548506514.8149605,767087770.7618964
3537569518,1264613650,1510.96,3548492180.6120577,766585029.3205389
3194993813,1091593465,1358.16,3548029486.4136124,766189778.012665
3199886915,1093943636,1364.26,3547574398.084967,765792153.9427124
3182170885,1096449103,1360.24,3547097370.0,765405852.3804414
3746059717,1308733910,1565.92,3547356773.32073,764940421.2378838
3191920387,1108137349,1361.15,3546893965.5260415,764549697.2410196
3238040547,1168950467,1377.97,3546492335.592978,764133494.7988993
4004063317,1485458547,1694.22,3547086583.620779,763814927.6562948
3544208183,1305593423,1520.57,3547082850.2866406,763319433.5457033
3481258158,1357275383,1493.48,3546997585.1411915,762828569.4943118
3485978409,1313419049,1486.8,3546918647.0090556,762338144.1110799
4360579708,1697832561,1837.69,3547969888.6899223,762405957.008268
3369642302,1200780761,1407.66,3547739788.5780644,761940815.91768
3285982663,1144407346,1372.81,3547402472.6945877,761507617.6022066
4427716990,1706921118,1874.41,3548535438.6113257,761671589.5089682
3194100770,1077828630,1334.49,3548079867.057841,761287847.7933884
3229175760,1078624892,1349.02,3547670490.797176,760884743.5468587
3225232032,1070032513,1347.38,3547257108.1576924,760484368.4117613
4626835300,1709149734,1934.16,3548639410.5800257,760977239.9608258
3290829800,1103878188,1374.84,3548309730.7710996,760546333.9147497
3196027806,1065656703,1335.41,3547859817.7126436,760164642.2244272
5805414821,2234177894,2427.15,3550739352.1556125,763940864.8748146
3279579990,1095649777,1370.21,3550393926.2165604,763515385.897589
3270284274,1089818129,1366.14,3550037552.6132317,763094861.2139207
3238839094,1079965677,1353.11,3549642128.904701,762690468.183745
7295817976,3609274375,3739.98,3554396159.167513,773786397.499981
3190634936,1084229645,1332.73,3553935118.3269963,773404175.7268448
3248065122,1076904718,1357.08,3553547941.1164556,772991033.6034808
3210545105,1071276047,1341.24,3553114309.2123895,772598404.6606597
3490034148,1193466983,1458.25,3553034662.544192,772113748.4695984
3229891157,1072132877,1349.4,3552627167.5813365,771711977.5341424
3229712549,1074507557,1349.52,3552220474.107053,771310889.6845185
3513778786,1204185933,1468.14,3552172119.78239,770826840.069222
3228818723,1075545406,1349.26,3551765896.9221106,770427644.9643047
3202411422,1065126093,1337.86,3551327560.0652447,770043477.8009387
3197384369,1073077694,1336.09,3550884022.2318296,769662706.5221719
3557918482,1238902418,1497.76,3550892826.31164,769180954.6913831
3222272501,1097012963,1369.85,3550482050.905,768787755.0370765
3159118710,1088038440,1361.58,3549993457.4706616,768431988.0142292
3548809263,1301559070,1514.41,3549991980.9189525,767952767.4095815
3158624842,1104848427,1355.51,3549504599.6749687,767598544.3252902
3234821028,1106530765,1386.1,3549113202.197761,767201207.789542
3298454172,1126812242,1407.42,3548801824.520497,766775370.3957939
3633752917,1299477621,1551.7,3548907222.898263,766305390.5628012
3195637680,1094909731,1372.03,3548469466.339529,765931291.3995492
3191595809,1095800924,1366.53,3548027791.0210395,765560002.5172607
3426060080,1227234145,1465.18,3547877027.472188,765098706.3470777
3782723934,1344299150,1596.46,3548166961.924691,764670746.2325865
3150171989,1097489983,1354.09,3547676215.9654746,764326785.8944683
3180200154,1085582853,1355.06,3547223659.2389164,763964712.5914447
3796407788,1371193496,1609.6,3547530158.7822876,763544678.4732413
3212114210,1085804442,1365.13,3547118099.87715,763165971.8304216
3208159952,1103830893,1369.0,3546702200.3092027,762789926.22152
3206934329,1103125297,1374.45,3546285818.1139708,762415058.7872347
4021991796,1506515441,1728.22,3546868077.5728273,762129838.1043591
3193553788,1090753129,1360.13,3546436153.0134473,761763895.8553325
3197256694,1097012400,1361.08,3546009804.4676433,761396345.9678082
4503010462,1637648637,1882.33,3547176878.4402437,761664587.0593773
3233445934,1097077671,1377.47,3546794745.742996,761279230.3331047
3227300910,1085196679,1369.23,3546406067.1107054,760897530.5624418
3271954484,1123334036,1405.01,3546072590.09599,760495222.1244097
5770607963,2320787917,2550.1,3548772268.946602,763969463.4073218
3182246705,1084123679,1349.31,3548327995.5357575,763612812.5272483
3276126894,1112742794,1399.48,3547998454.250605,763209134.2971234
8756043536,3523587152,3663.75,3554295969.464329,783927246.8276175
3176010285,1117519873,1381.52,3553839102.695652,783563874.4564872
3199937057,1108411482,1376.25,3553412200.348613,783187478.6367608
3182688352,1110092294,1367.78,3552965545.1096387,782821178.6408812
3382955764,1228931995,1438.77,3552760960.5354996,782372227.0348788
3196385311,1097398840,1356.16,3552332624.418269,781999400.278682
3158406160,1094987700,1355.22,3551859723.5006003,781648901.5309145
3193573133,1134789522,1405.34,3551430123.2721825,781278539.8115586
3439904882,1211015224,1466.88,3551296560.108982,780820095.3059304
3206214792,1092418981,1378.8,3550883782.874402,780444111.0191115
3136638399,1081845045,1361.06,3550388866.0477896,780109013.4094708
3580483231,1242723221,1514.53,3550424778.1778045,779644107.9076505
3228517623,1071001044,1349.28,3550041098.612634,779258499.8412329
3201751278,1073457975,1337.66,3549626467.8738093,778887116.3555679
3162714332,1078732012,1321.04,3549166405.881094,778538098.1653743
3628936304,1278939555,1516.34,3549261144.4774346,778080496.6458102
3197767445,1068921848,1336.04,3548844188.7247925,777712981.9403889
3280241580,1088587081,1370.89,3548525939.188389,777307038.1538688
3632429826,1266182498,1517.9,3548625233.728994,776852312.825031
3377789111,1138055178,1411.43,3548423299.7777777,776415234.5077536
3739614689,1288378182,1562.05,3548649027.5100355,775984542.352025
3779368141,1335136975,1578.12,3548921101.936321,775567291.5987417
4698510991,1758403400,1963.16,3550275153.631331,776112690.5727853
4011753110,1420293892,1675.62,3550818068.874118,775817316.7700499
3789035703,1362608088,1592.99,3551097995.5887194,775404305.7509832
4655576256,1799129243,1966.96,3552394331.5751176,775871276.1538033
3370976344,1199559170,1408.24,3552181649.291911,775441203.2805136
3282936461,1175708649,1397.76,3551866373.8957844,775041765.1718472
3291489480,1192747192,1445.58,3551561839.516959,774639514.6378424
4183486953,1572907708,1773.71,3552300069.7897196,774487783.4929986
3277264105,1138355085,1412.81,3551979141.009335,774092740.4862223
3264063096,1110711830,1389.28,3551643574.52331,773703872.3800297
3195780190,1091265533,1359.46,3551229298.1734576,773348601.1496643
4502806429,1653394338,1882.31,3552335783.2093024,773578898.6724329
3217697356,1099892843,1378.82,3551947120.6922183,773213546.6877519
3181499869,1098504983,1363.51,3551517367.5,772867797.7751766
5964946463,2252122415,2492.6,3554313924.9687138,776771495.4948415
3175081062,1106541474,1365.71,3553874998.0439816,776428921.1411368
3205668868,1120179274,1378.44,3553472447.6046243,776070197.2446235
3166963693,1104225442,1362.51,3553026132.6454964,775733058.0393118
6931946924,3697876581,3825.29,3556923388.4602075,783722549.0393596
3219186997,1103837506,1373.55,3556534291.235023,783354751.5970356
3289329613,1119269863,1407.8,3556226805.989643,782956310.0415738
3409647673,1191449792,1442.76,3556058324.2275863,782521967.4859939
3223322906,1112132608,1387.08,3555676308.8220434,782153796.8944575
3234117471,1150349505,1421.41,3555307548.686927,781780940.6913087
3284392895,1105301544,1396.33,3554997222.6231384,781386793.7951041
3509172336,1208441998,1479.58,3554944791.402746,780941184.7883931
3196834652,1092710875,1371.28,3554535522.672,780588583.4317031
3230325298,1119222540,1390.04,3554165419.675799,780219726.537048
3520188796,1264572162,1522.87,3554126677.801596,779775619.6314975
3265717945,1093325486,1378.98,3553798194.051253,779392139.2788347
3233336244,1114189940,1380.12,3553433618.453925,779023577.7351742
3248271624,1107556892,1387.44,3553086843.4602275,778648703.3147384
3609262611,1290775514,1538.42,3553150607.101022,778208964.7906591
3252656301,1115322513,1398.21,3552809910.6088433,777833415.6003442
3194536148,1094356644,1371.71,3552404164.558324,777486227.2956654
3235339027,1117721364,1390.09,3552045493.5882354,777119437.8454074
3626699559,1304593412,1545.31,3552129848.464407,776684312.6998029
3259887265,1118281623,1389.39,3551800003.5620766,776307897.2956058
3212464085,1086780349,1363.06,3551417437.70124,775953731.804741
3736537619,1336879930,1583.64,3551625906.3738737,775541550.748628
3239055508,1093490475,1374.37,3551274308.625422,775176050.4241976
3208285208,1098392254,1379.59,3550888927.613483,774825642.2766086
3174057628,1103416756,1366.03,3550465996.861953,774493493.6802464
3865524539,1396337280,1632.22,3550819201.505605,774131035.7939138
3287305835,1120305276,1397.89,3550524113.7491603,773747664.3715523
3197969618,1084596447,1359.44,3550129757.489933,773404586.3272767
4090872622,1498961743,1728.66,3550733939.4614525,773183462.6941136
3219616722,1107162414,1386.05,3550364388.995536,772830960.3663924
3249482458,1107199108,1379.46,3550028957.6343365,772465310.3868665
3233405651,1096815808,1371.91,3549676370.4331846,772107304.1920685
4590925976,1680782122,1918.82,3550834601.362625,772457914.6055839
3236919057,1116058353,1375.64,3550485806.3133335,772099482.0042404
3249459258,1104700627,1377.88,3550151703.5960045,771735986.1426336
3230265787,1093760475,1371.34,3549797062.890244,771381531.2876719
5481960168,2307434424,2534.76,3551936778.3997784,773627959.9596924
3184267749,1091232271,1356.52,3551530064.871681,773296536.406091
3184522202,1086213603,1354.34,3551124531.321547,772965356.9575685
7405028044,3653766299,3844.91,3555378287.9580574,783065419.4162891
3206755943,1101682338,1369.35,3554993919.330761,782719130.5261368
3189698456,1101339343,1368.57,3554591611.551762,782381820.351775
3198562129,1104875876,1375.65,3554199939.9537954,782040411.5277507
3382732034,1221765148,1448.29,3554011513.6835165,781631246.1538938
3261416765,1123548582,1399.77,3553690333.9374313,781262211.7447493
3161536553,1126846172,1392.03,3553260340.756579,780941621.3785387
3477245862,1208932357,1478.19,3553177082.838992,780517875.1394892
3205597340,1091858054,1358.36,3552796798.656455,780175402.179694
3213376467,1090653449,1364.39,3552425847.474317,779829604.3508397
3202148496,1093656519,1359.81,3552043448.6189957,779489646.6749126
3464558404,1236039697,1474.2,3551948045.080698,779069859.931244
3216067943,1106527899,1384.56,3551582162.6165576,778724238.7472075
3174279307,1100551118,1365.77,3551171604.5582156,778399843.3154262
3544715004,1263856857,1509.55,3551164586.5141306,777976713.9928517
3233190909,1145168018,1387.39,3550819338.2214985,777624758.1502253
3183195129,1093027233,1356.83,3550420613.4826465,777297130.6094993
3236811611,1107239164,1385.74,3550080842.0823402,776944447.5408154
3559424857,1303419760,1519.03,3550090954.6525974,776523970.0205047
3215796836,1101267852,1381.98,3549729555.6054053,776181859.1467369
3175775568,1102583921,1367.89,3549325717.6058316,775859864.4865757
3178514014,1105935303,1367.77,3548925704.9805827,775536805.5239269
3716063361,1309171764,1570.55,3549105810.213362,775138235.749416
3208508841,1102716996,1365.38,3548739182.689989,774801434.6537343
3268359661,1114042642,1390.35,3548437699.3333335,774439280.7542253
3791648848,1381894434,1601.62,3548698935.7980666,774064248.3069903
3165788024,1100173659,1362.44,3548288087.1802573,773750423.5891105
3179642200,1096492708,1368.62,3547892968.3301177,773429724.2690395
3202891895,1095084217,1367.3,3547523588.1659527,773097907.331551
4047513426,1473923684,1716.77,3548058336.655615,772857183.9791859
3267646245,1120197236,1405.13,3547758751.087607,772498540.2429525
3197928804,1100224636,1377.1,3547385400.023479,772170698.3609831
4405065686,1643945091,1861.4,3548299771.3304906,772266360.2460861
3189165780,1098382732,1359.97,3547917307.0159745,771943911.192234
3098929516,1091259534,1330.1,3547439660.429787,771672014.4981995
3136837734,1096745348,1344.66,3547003314.0680127,771377896.0481334
5780305906,2335373756,2495.96,3549374123.6135883,774390930.1701655
3207480004,1065791600,1340.1,3549011563.57158,774060210.2838045
3228471986,1072344062,1348.91,3548672008.934322,773720376.7524574
4611135879,1805003616,1928.54,3549796309.325926,774082037.645495
3839756163,1913145213,2006.09,3550102820.7991543,773730170.0853071
3868146718,1450565861,1616.01,3550438664.407603,773390530.9114177
4070755566,1523876847,1699.62,3550987521.898734,773167025.9371061
4884680227,1940052591,2040.54,3552392888.2897787,773970082.7826103
4311261179,1597939881,1799.58,3553191697.016842,773953928.8569028
4396508642,1732322496,1836.06,3554078465.623554,774029622.4303508
3992262099,1587233853,1667.66,3554538742.54937,773753191.0625274
4355492601,1629446683,1820.53,3555379197.8048267,773781777.9171593
3439302551,1234955833,1436.76,3555257524.1708593,773385247.002905
3282114249,1145430576,1371.25,3554971510.270157,773030706.1319155
3581826897,1265877630,1497.0,3554999601.67887,772626783.2835218
3264324595,1091687554,1363.71,3554695866.039707,772280109.7420267
3227036428,1080625723,1348.34,3554353841.574113,771949450.5467907
3245977827,1084626064,1356.26,3554032281.6006255,771611061.052913
3549625533,1226192110,1483.14,3554027691.2375,771209088.6821401
3257873758,1084228949,1360.99,3553719518.5702395,770866868.8314084
3308727551,1098876989,1382.19,3553464849.165281,770506552.7985796
3703211153,1305729245,1547.57,3553620348.9615784,770121496.0958036
3220984741,1077242736,1346.16,3553275291.276971,769796429.295676
3186565236,1071129968,1331.55,3552895280.8569946,769487928.7369343
3192545264,1067299605,1333.83,3552522247.7132506,769176835.1789275
3761041998,1303489241,1571.66,3552737883.442606,768808232.5373542
3212537554,1060576228,1342.01,3552386436.821281,768488732.3085926
3176969640,1066811879,1327.5,3551999009.786378,768186669.8584753
3376295506,1149358126,1411.16,3551817872.1536083,767811299.6343368
3871842505,1378239981,1617.73,3552147454.679712,767484473.106266
3249558794,1092470968,1357.47,3551836149.473251,767150908.5866357
3219270889,1078592182,1345.42,3551494355.783145,766830631.1844302
4120388946,1470477424,1722.05,3552078436.4712524,766653396.2755091
3102684602,1128797608,1347.39,3551617519.717949,766395147.8123436
3181518504,1093748165,1364.14,3551238319.906762,766093933.820108
3181183401,1108623984,1387.01,3550859553.357216,765793196.6296015
4670136108,1724158554,1951.36,3552004007.9120655,766237065.3229675
3246075712,1115367282,1399.02,3551691517.3135853,765907976.9285678
3221748072,1101094423,1379.48,3551354840.3285713,765589585.464302
5892837122,2240120929,2462.45,3553741672.4199796,768838709.9587222
3193668154,1118342403,1365.75,3553374998.7759676,768532958.9055606
3235111241,1101767198,1376.63,3553051230.965412,768208949.5523895
3218619013,1114508304,1384.11,3552711360.8252034,767892438.6538864
7161430800,3670588869,3851.14,3556375035.382741,776059218.1349374
3204356954,1096744860,1372.56,3556018019.0730224,775746504.6047857
3225161466,1107317847,1387.12,3555682804.733536,775424868.0847663
3456609355,1216707599,1476.37,3555582527.9625506,775038749.9907503
3238970716,1093788465,1374.29,3555262394.68453,774712174.5449368
3229462453,1098407982,1378.4,3554933303.8343434,774389967.3291861
3209378539,1086041264,1364.09,3554584610.8324924,774076912.5135089
3450760804,1223158280,1477.07,3554479949.736895,773693669.7176144
3210895945,1091485799,1379.82,3554133943.689829,773380782.8865125
3224087144,1105440767,1384.6,3553801904.655936,773062471.7991283
3191053496,1102508407,1371.31,3553437333.390955,772759387.7199003
3471423023,1228982567,1477.07,3553354989.7058234,772375726.3125407
3232333293,1094707392,1381.46,3553033002.0461383,772055156.4525578
3158714973,1111751496,1358.92,3552637893.800601,771769099.6062936
3511641433,1256954631,1499.89,3552596856.3023024,771383821.4847062
3238933517,1132600662,1394.09,3552283192.963,771061770.1287185
3231732884,1118163714,1391.69,3551962962.8841157,770743055.9832581
3187902788,1096287911,1364.13,3551599629.3762474,770444120.267994
3759860871,1346146108,1605.82,3551807267.7028913,770088003.8289504
3214307033,1122256151,1375.41,3551471112.0906377,769778020.2086977
3296885727,1090300796,1377.39,3551217793.2995024,769436818.2887766
3664517331,1311909437,1557.5,3551330417.0944333,769062587.0973245
3205491333,1106256686,1380.76,3550986982.0556107,768757811.2399882
3205365075,1104630199,1377.01,3550644103.1795635,768453422.8180355
3264693340,1143612301,1405.04,3550360703.0178394,768125229.2660589
3884123025,1405756406,1655.32,3550691160.7623763,767816630.6841949
3238829495,1122472979,1392.32,3550382692.2502475,767499416.7657436
3212567492,1105121028,1379.29,3550048882.763834,767193547.1032387
3954755860,1456820778,1679.45,3550448396.0681143,766920095.1935613
3473465904,1254123190,1516.21,3550372476.4506903,766545644.653941
3179226100,1091752099,1353.11,3550006814.996059,766256417.2371601
3206540591,1090658440,1368.85,3549668757.6889763,765954953.9519336
4462012389,1630142830,1864.75,3550565850.738446,766112109.1635281
3185891423,1104398289,1373.76,3550207624.385069,765820946.178069
3208189011,1106504845,1382.06,3549871982.958783,765519992.0472325
3146078976,1105236464,1353.29,3549476107.461765,765248994.1259298
5460663141,2393465696,2609.1,3551347985.065622,767206925.1856458
3196804486,1090080470,1369.98,3551001073.6183953,766911601.8335246
3156260478,1108277302,1358.17,3550615207.933529,766635925.9584172
8035860009,3664623799,3846.38,3554995329.8095703,778963041.9146968
3203103818,1093507066,1368.45,3554652021.017561,778660469.2886791
3282733160,1135410547,1396.41,3554386992.887914,778327164.4035414
3269672019,1122771967,1405.28,3554109763.117819,777998819.2065984
3468587098,1213618335,1484.95,3554026569.8638134,777624893.3749783
3206274517,1096798940,1372.52,3553688618.403304,777322472.026694
3238570995,1122978086,1391.37,3553382678.9631066,777007018.9780395
3493894262,1248066783,1480.05,3553324979.237633,776632313.2332084
3235126615,1100155180,1384.56,3553016647.4893413,776319077.6757832
3268865917,1129039913,1401.08,3552741574.178122,775993542.8085115
3217625212,1102958882,1367.17,3552417477.116054,775688157.7800739
3533881378,1258608990,1499.32,3552399567.841546,775313552.5230601
3213286758,1098033082,1381.75,3552072238.8745174,775010823.1201464
3209272999,1094823664,1370.84,3551741670.658631,774710122.7175834
3417631288,1211741807,1467.89,3551612469.9046245,774348035.8917371
3526332753,1255197079,1495.39,3551588139.089509,773975702.1330807
3218382681,1094048560,1372.1,3551267749.2259617,773672438.4676431
3205800012,1099612326,1375.99,3550935887.806916,773374802.4401093
3619573421,1303038642,1539.05,3551001758.760077,773006533.8459707
3209918159,1094086285,1369.05,3550674737.092042,772707986.1973804
3173844462,1101040290,1358.86,3550313788.552682,772425792.2585154
3204629630,1095494137,1373.39,3549982990.3148327,772130104.2734642
3692872563,1321586178,1572.4,3550119596.0248566,771773562.8758938
3217138308,1103411787,1384.21,3549801562.320917,771473482.4834318
3150797398,1088044581,1341.61,3549420833.1564884,771203728.0538077
3965458272,1401041571,1656.72,3549817437.006673,770942968.9869089
3196400176,1093160031,1375.56,3549480849.1390476,770652874.8837093
3214655443,1067395093,1343.39,3549162271.2074213,770355329.4519961
3223873705,1066777112,1346.95,3548853061.5437264,770054353.2359537
4117153955,1479744616,1720.27,3549392758.4985757,769887646.6751391
3247726290,1086401031,1357.06,3549106547.4278936,769578382.815883
3233001482,1078443269,1350.64,3548806921.77346,769275071.388936
4547287451,1640325736,1900.64,3549752452.5776515,769523835.8142598
3216147887,1067467857,1343.68,3549436838.0406814,769228113.830074
3273255791,1104260836,1367.38,3549175797.353497,768911336.5372396
3619135252,1257509663,1511.72,3549241859.1614733,768551218.174222
6577694591,2757810553,2818.75,3552098890.040566,773794519.5809706
3903583577,1413108018,1630.52,3552430166.8426013,773504979.8830426
3840580717,1378791859,1626.42,3552701495.044256,773191233.3210624
3528641836,1277112783,1512.31,3552678861.310442,772827816.1807275
5687136931,3259881502,3171.36,3554684930.924812,775228574.921378
3333886297,1205471254,1412.97,3554477608.2638497,774894042.4982845
3341124741,1196115945,1417.72,3554277464.861163,774558037.9672838
3571721407,1295108000,1515.17,3554293813.447985,774195176.238214
3209327889,1101440388,1377.37,3553970811.6460676,773904564.9689103
3184024640,1112097337,1371.64,3553624744.1328344,773625175.7796513
3227194638,1097550090,1374.2,3553319669.2672896,773327914.3906344
3413391680,1219029995,1447.39,3553189017.5499535,772978613.9276826
3223593421,1089732689,1368.81,3552881558.971082,772683515.0558592
3269771492,1110567350,1392.4,3552617709.887232,772371686.4817351
3546389069,1253294592,1503.78,3552611910.407821,772012048.9805577
3183518704,1107668877,1370.57,3552268567.8902326,771734922.2699616
3224141132,1107200775,1392.41,3551963616.741636,771441022.9725299
3244779155,1096439699,1377.59,3551678394.4001856,771139555.0242445
3601290764,1270191162,1532.56,3551724417.0064936,770783280.4070739
3209920681,1103560623,1381.85,3551407638.7525487,770496224.6662675
3281279079,1126199351,1408.83,3551157519.7157407,770183253.954227
3600980271,1283613208,1536.08,3551203609.2173915,769828425.1192799
3201020668,1105486878,1379.39,3550879965.0942698,769546172.4109954
3203864526,1112512495,1358.68,3550559544.559557,769263013.5787421
3251704099,1103928744,1382.59,3550283847.654059,768961632.5686274
3837541259,1349059850,1614.17,3550548601.0285716,768656617.6404536
3218353722,1101281076,1369.21,3550242712.558011,768368708.200889
3214023817,1087314892,1367.54,3549933403.5464582,768082830.2312104
3134352503,1082659796,1340.15,3549551435.8069854,767833049.6296837
3803444433,1374347403,1604.37,3549784579.0550966,767518955.3384253
3188225276,1104526084,1371.68,3549452873.272477,767244891.0317667
3287416240,1129715026,1410.72,3549212693.04033,766934180.2147461
4128425215,1492449406,1725.19,3549743107.437729,766783114.2961589
3209343376,1112345315,1380.33,3549431671.2698994,766501357.6069328
3134210726,1113343631,1350.27,3549052127.4442415,766253704.3013431
3208668818,1116926588,1375.96,3548741275.106849,765972745.2281079
4635161313,1692016272,1937.12,3549732534.265511,766325560.3415116
3201901382,1097803047,1361.28,3549415459.377393,766048121.4491589
3214880835,1096839459,1373.59,3549110783.0346084,765765697.2162652
5829219451,2196939025,2436.23,3551185495.1983624,768498402.372119
3163595782,1093243916,1349.75,3550833140.913636,768237814.3374507
3200040024,1094665470,1363.32,3550514527.728429,767961559.4088346
3229989446,1113017520,1382.3,3550223670.1225047,767673708.2756444
7228414674,3611118631,3778.55,3553558385.4478693,775269779.5009959
3201824625,1102211476,1370.11,3553239786.027174,774990818.305454
3206018073,1098754781,1369.73,3552925558.232579,774710421.5607243
3436852666,1263865238,1464.54,3552820609.867089,774367970.0860615
3240190413,1114719487,1382.35,3552538197.765131,774075111.6499147
3199097944,1084967503,1354.12,3552219208.366426,773798509.407117
3206127118,1100063487,1367.23,3551907132.541028,773519314.0371608
3516106568,1235484200,1499.83,3551874879.78018,773171549.4384811
3275324084,1119399869,1398.98,3551625959.171917,772868005.201856
3231197221,1124522098,1378.85,3551337803.8318343,772580119.4408773
3217255990,1155468802,1371.82,3551037640.477089,772297837.3755769
3828184180,1389172576,1617.13,3551286425.521544,771995744.8975896
3681820259,1335300170,1570.69,3551403496.224215,771659373.8276541
3493677012,1268858061,1470.12,3551351769.983871,771315504.7247546
3986251572,1628105875,1692.4,3551741116.270367,771079873.2023534
3599083283,1254672421,1509.42,3551783461.6788907,770736247.5318772
3618055502,1281418874,1511.33,3551842686.0223413,770394329.4586072
3530919051,1229187243,1474.83,3551824004.205357,770050580.1975907
3830488945,1479689153,1600.71,3552072590.2363963,769751995.272407
3275346915,1098224174,1368.38,3551825954.1622105,769453203.8414966
3304925129,1121159680,1380.66,3551606095.9029384,769145796.6476041
3862959395,1344020354,1614.5,3551883100.617438,768859613.1272664
3179110563,1076423110,1328.17,3551551747.2506666,768598108.2615596
3262152374,1087159999,1362.88,3551294731.821492,768305100.5171822
3321985722,1107244767,1387.79,3551091263.3123336,767994511.5362977
3889947097,1366614444,1625.79,3551391667.4202127,767720253.1184597
3191253272,1064890427,1333.38,3551072678.584588,767454959.9016037
3275063559,1088528366,1368.22,3550828422.7265487,767159204.5495888
3166356312,1074746189,1322.61,3550488482.7524314,766905119.0499617
4113433778,1465538306,1718.89,3550985784.25,766748724.480695
3216133097,1065988663,1343.72,3550690239.0714917,766474782.4630002
3234745800,1070771299,1351.65,3550411628.4550266,766194150.8980328
4365748562,1621633175,1841.08,3551129986.986784,766238498.9942238
3222340022,1088677527,1346.16,3550840559.200704,765963238.1994247
3291585254,1085916939,1375.05,3550612542.221636,765664899.3757575
3230131383,1084227016,1349.77,3550330924.331283,765387326.955725
5403761625,2218831035,2438.4,3551958168.14223,767018102.5157673
3214182016,1065150225,1342.63,3551661873.2719297,766746826.4007909
3257251854,1075649710,1361.14,3551403845.2094655,766460269.5987185
8736424714,3553812215,3747.34,3555944143.69352,781324425.872984
3265218759,1111107862,1390.09,3555689790.776028,781029863.7091584
3241420813,1103459967,1378.53,3555415080.131119,780743672.471722
3195751352,1097618085,1372.01,3555100963.337991,780474978.7432042
3450487001,1205473680,1479.57,3555009677.157941,780140498.3096946
3181628675,1096257126,1364.74,3554684148.821273,779878207.7508456
3195040441,1101955101,1373.99,3554370870.330139,779610665.4935765
3570179150,1241888446,1526.09,3554384628.624021,779271474.9103836
3270095392,1121329769,1407.65,3554137420.592174,778977659.114942
3208459358,1104857505,1380.32,3553837092.127715,778705798.7708113
3218619475,1102866128,1371.81,3553546104.6128473,778430347.9548509
3454015247,1227383440,1465.22,3553459781.232437,778098223.6451892
3185231241,1094483866,1366.39,3553140692.3760834,777836486.3293934
3250308194,1129522965,1399.78,3552878499.7367964,777550703.1835513
3206294322,1107168565,1377.61,3552578686.434256,777281106.9312356
3718376996,1304626080,1585.21,3552721986.6153846,776960407.2425061
3205649147,1098794634,1367.78,3552422269.1373057,776691770.6508095
3175337401,1092585803,1356.99,3552096915.497843,776435570.2701172
3690019811,1323723825,1567.78,3552215814.5456896,776111383.3572702
3260734202,1107551735,1391.29,3551964753.725237,775824192.0309277
3207633460,1067087509,1340.65,3551668427.3106713,775556016.432163
3187320312,1071671038,1331.94,3551355144.322442,775296069.0612907
3942002137,1396651377,1647.32,3551690751.7044673,775047476.5455544
3431074289,1171953010,1433.5,3551587218.260086,774722819.4071878
3757768402,1304900785,1570.0,3551764046.0334477,774414053.8628033
4894991762,1827310236,2045.6,3552915055.215938,775079333.3648663
3965863562,1379348269,1656.48,3553268607.019692,774841601.6721684
3785784362,1356738255,1581.51,3553467508.435415,774539948.610822
3821981156,1445383237,1637.46,3553697007.279487,774248640.6084988
4771218149,1891490977,2031.65,3554736734.9837747,774734693.0786544
3305759897,1211093207,1443.76,3554524297.408703,774438224.5937107
3262311749,1157818677,1387.74,3554275181.8516626,774155021.0595806
4063600925,1546278528,1731.81,3554709019.7930155,773967882.1636147
3993136099,1419245963,1679.62,3555082149.2221274,773744094.5421177
3228978556,1112743648,1381.37,3554804850.248299,773473460.1574594
3187596863,1095217119,1370.19,3554492863.8530164,773218835.0306447
5702583425,2174998374,2383.71,3556316370.271647,775418320.083063
3196622781,1098589966,1372.75,3556011286.6505513,775160130.9418023
3237717317,1104151117,1383.69,3555741545.9983053,774886958.2488546
3157368824,1097627060,1347.93,3555404227.8594413,774645491.6497452
6832874103,3661219969,3792.03,3558177045.0126905,780159019.4972084
3172502649,1106376165,1362.62,3557851031.153001,779909757.0774037
3216176924,1096250453,1378.63,3557562455.0489864,779643516.2521204
3472367645,1221299029,1497.82,3557490560.6945148,779318409.7385005
3243995605,1107063517,1391.7,3557226231.0522766,779042932.8405755
3287706463,1120713608,1403.18,3556999171.4330244,778753966.9862926
3224884878,1085214039,1370.28,3556719613.9469695,778485723.4833533
3439801253,1240284958,1497.79,3556621280.590412,778165665.7291013
3251948651,1137307721,1400.39,3556365253.170588,777888734.7548935
3241468768,1111518017,1383.16,3556100856.4575987,777615587.3932217
3523920944,1249232397,1498.61,3556073859.886745,777289896.2814013
3250737348,1120726394,1382.29,3555817919.8097234,777014303.6028776
3185881106,1095425839,1362.29,3555508089.982412,776762573.2315323
3204341249,1096128720,1371.19,3555214226.5171547,776503895.7255633
3588513377,1260376679,1531.78,3555242068.616221,776179799.1987361
3256167875,1127652820,1400.5,3554992215.488722,775903627.2110484
3208103696,1102640987,1377.37,3554702659.1285477,775644423.9539113
3190516758,1085595853,1353.97,3554398917.7598,775392176.1100215
3572551963,1279011230,1523.25,3554414045.2975,775069205.705115
3134712034,1097862003,1349.69,3554064584.838468,774841033.6108153
3205571290,1083987578,1359.05,3553774656.9725456,774583822.5622298
3655428331,1310721423,1555.7,3553859157.117207,774267359.6447743
3168849058,1094715781,1363.07,3553539381.2873755,774025221.580403
3215538225,1106506412,1382.17,3553258882.4024897,773765198.883233
3195763798,1109331930,1373.43,3552962451.9842453,773512781.1622396
3812950099,1385501187,1624.91,3553177851.8574977,773228470.4321582
3206664693,1093140808,1365.97,3552891003.2160597,772972603.9011198
3165895532,1095334240,1348.3,3552570907.706369,772732955.4169029
4058966339,1483970662,1721.53,3552989416.327273,772550640.1601124
3235925622,1099972053,1375.51,3552727596.513625,772285304.9936522
3238603080,1099023087,1384.11,3552468417.869637,772019326.1850363
3230282085,1094721686,1378.87,3552202806.713108,771756432.142233
4439141180,1642303184,1877.23,3552933398.4538717,771858037.790314
3290863930,1135626661,1414.67,3552717703.418107,771576936.9520159
3202267820,1097681235,1373.52,3552429504.5008225,771325031.6598699
5757188852,2173690554,2405.67,3554241139.1331143,773591869.847486
3225645050,1083627121,1368.1,3553971355.808703,773331510.0331707
3245526850,1110941477,1397.05,3553718325.041017,773064684.3257129
3275388741,1130206961,1408.94,3553490186.037705,772788840.5618944
7143456385,3561940791,3734.24,3556430371.2948403,779268890.49122
3198863344,1107234463,1377.35,3556137763.2528644,779017076.5837742
3221662775,1102811479,1377.79,3555864275.9362226,778757210.6962029
3183983009,1101727934,1360.0,3555560451.371732,778511535.8346905
3454661402,1208692294,1476.71,3555478084.8008165,778199046.51437
3194846804,1103414022,1374.41,3555183932.04323,777949735.6113747
3187331574,1093908829,1355.51,3554884133.8704157,777703505.5019968
3547295982,1234483860,1502.54,3554877954.5936484,777386816.6221704
3101991166,1097932582,1321.3,3554509454.3588285,777177772.8165529
3206072945,1103577174,1380.1,3554226172.6439023,776925256.8887461
3181630617,1091752748,1364.75,3553923495.506905,776682171.6951692
3541800671,1246231599,1512.68,3553913655.551948,776366972.5475788
3205009993,1101794473,1377.66,3553630684.211679,776115636.291645
3206021063,1114911106,1372.43,3553348990.839546,775864155.88758
3540414005,1264016578,1506.62,3553338517.1668015,775550064.5045959
3224607441,1085307344,1368.45,3553072553.512945,775292609.101446
3226163745,1099847474,1386.75,3552808278.0008082,775034862.0829067
3212776303,1103835369,1381.97,3552533615.6623588,774782004.708918
3670855485,1299592739,1548.5,3552629113.5391445,774476566.4134969
3206099366,1104703507,1377.36,3552349654.0653224,774226707.0554866
3206853611,1124864218,1376.86,3552071252.741338,773976797.8642281
3371243289,1169104008,1438.13,3551925658.5676327,773682151.1606352
3719277836,1322184302,1582.78,3552060294.2695093,773385428.1406779
3200801801,1092328112,1361.51,3551777932.136656,773138613.0151871
3229398506,1114587802,1386.6,3551518992.8385544,772882015.2361006
3937179377,1424624370,1660.64,3551828511.605939,772648996.2435788
3216196051,1100554670,1378.08,3551559359.672815,772397564.0370471
3161834580,1106843534,1359.12,3551247080.201923,772166794.9304185
3157612875,1090473143,1345.51,3550931920.7101684,771937913.4853956
4032826921,1475707718,1723.53,3551317436.7104,771749351.3912545
3191203374,1113619893,1372.06,3551029575.749001,771507967.8898419
3207026713,1094332097,1368.63,3550754813.0790734,771261025.3362674
4552611474,1657750951,1913.83,3551554379.4485235,771472128.6600492
3214467785,1086468327,1369.97,3551285570.3620415,771223163.784268
3179828534,1097529577,1367.45,3550989588.659761,770987089.9263675
3169742955,1110038748,1360.28,3550686048.346338,770755122.732103
5464488207,2307429553,2537.83,3552208563.98568,772335633.4503288
3235001466,1104353279,1375.21,3551956412.079491,772080361.2943655
3215263917,1099099085,1375.01,3551688983.5687056,771831961.3238623
9063802632,3653301192,3812.38,3556063676.9404764,786985672.2572718
3183834251,1103187659,1388.13,3555768491.035686,786743340.034525
3233691764,1101166807,1384.31,3555513279.683043,786483790.02828
3260423973,1118586276,1393.49,3555279638.1100554,786216185.6243285
3451270080,1242820465,1509.64,3555197352.067247,785910561.5416154
3149986057,1089197092,1351.6,3554877026.9328065,785682405.5241421
3195561028,1072133587,1335.21,3554593207.028436,785436914.4539474
3154510974,1077529435,1317.46,3554277435.7316494,785207281.1548935
3467260205,1201137924,1448.92,3554208810.1553626,784901396.8214947
3206302343,1072932408,1339.67,3553934652.1828213,784652809.8390411
3259981388,1072362157,1362.08,3553703192.919685,784387167.9177788
3513679198,1212689311,1467.94,3553671702.758458,784079339.4119925
3301487944,1089786092,1379.38,3553473445.0864778,783802941.190442
3209426192,1070687884,1341.21,3553203180.1586804,783554314.4169623
3414761180,1154407452,1426.65,3553094512.9686027,783256332.7402781
4316213609,1578240938,1803.46,3553693037.749804,783240513.0160965
3880445696,1345811716,1620.44,3553949113.500784,782986932.5819857
3814368472,1366116563,1592.62,3554153044.0869226,782714199.1081204
4729716192,1769296623,1976.48,3555072890.0555553,783098099.3349695
3786984390,1378952915,1601.03,3555254212.573104,782818740.63399
3556848694,1301462879,1513.11,3555255458.2617188,782512893.583901
3362316740,1233058970,1441.07,3555104842.5565963,782225964.1314218
3836567643,1427303113,1633.02,3555324392.3229327,781960307.3954407
3223815740,1092147622,1366.15,3555066006.779423,781710256.4234444
3226679964,1153464463,1385.4,3554810254.4096575,781459489.1365867
4163342560,1635595976,1781.92,3555283820.4062257,781339652.5076284
3595741935,1300822739,1535.49,3555315280.8374805,781036620.8273798
3536224375,1345552897,1505.38,3555300447.1888113,780733310.0511547
3635933098,1334974074,1541.0,3555363050.178571,780433402.9965672
4581730849,1816069333,1915.02,3556159301.38014,780653822.5286984
3308183394,1183637411,1381.75,3555967071.9945736,780381703.4153087
3280499200,1172148144,1370.42,3555753696.4159565,780117049.9838731
3222605027,1105381318,1346.16,3555495841.4086685,779870123.8448571
5059379752,2193488680,2117.74,3556658938.0139213,780688697.6142119
3184553360,1074315431,1330.61,3556371375.743431,780455484.1656537
3158049898,1071395346,1319.38,3556063791.5907335,780232548.4937837
5821472783,2346090765,2433.77,3557811792.35571,782464048.0346317
3262490339,1088857291,1363.41,3557584096.555127,782205297.3483936
3204467783,1068791746,1339.15,3557312050.088598,781965307.3796717
3158724526,1066763733,1319.55,3557005208.268668,781742430.52291
6618708246,3639821157,3674.02,3559360364.4515386,786038406.5086038
3215657818,1077284989,1343.37,3559096181.095311,785793992.3317742
3198752259,1078150840,1336.26,3558819419.250384,785555600.9831396
3556669552,1225557151,1486.32,3558817769.313891,785254104.2455995
3185195250,1066045851,1330.69,3558531248.976994,785021085.970818
3220669173,1088471375,1345.83,3558272350.8344827,784775943.7069784
3163177208,1081001726,1321.39,3557969827.7542114,784551555.6732316
3463902967,1200509879,1447.48,3557897856.1698546,784255676.7464381
3232848484,1076746719,1350.84,3557649347.4755354,784007305.6476543
3220634742,1077919198,1345.59,3557391887.8838806,783763093.2990167
3492724990,1212674075,1459.01,3557342523.8396945,783465925.6590694
3210018739,1069624471,1341.08,3557077593.416476,783225763.4391894
3227449370,1073302315,1348.61,3556826352.3925304,782980067.7990218
3142764084,1093652085,1346.81,3556510996.51409,782765194.8806949
3603672308,1256982894,1531.55,3556546887.9231353,782468363.1411811
3162616190,1095798435,1367.36,3556247320.8524714,782246165.7068465
3142054509,1080148435,1363.65,3555932584.673252,782032192.2242343
3187161211,1094529719,1366.0,3555652576.0372057,781801228.6723212
3589219211,1273827899,1525.31,3555678043.8937783,781505132.7155845
3168993493,1118549740,1397.69,3555384878.9575434,781281324.7981212
3238803939,1124470097,1388.54,3555145044.9121213,781033900.1719685
3617136138,1323945862,1558.61,3555191972.310371,780740083.605573
3232272014,1103581944,1376.09,3554947706.0786686,780495234.6991868
3191599651,1088564831,1355.51,3554673066.581255,780264107.5990541
3196796714,1093796061,1359.28,3554402767.221299,780031352.2169943
3847929120,1384231172,1636.84,3554624296.544151,779778609.1805419
3234889502,1100302826,1379.68,3554383169.2481146,779533934.3948002
3201380114,1126506932,1368.12,3554117153.3813114,779300364.7429571
4041338753,1456658601,1703.31,3554484037.115964,779121535.1451174
3205908576,1102741785,1375.14,3554221753.0970654,778887004.8157799
3223839076,1119139859,1388.44,3553973345.069173,778646797.4641851
3226486384,1091839644,1371.25,3553727299.2682195,778405958.4665293
4443492144,1626979140,1856.97,3554395290.8933935,778495249.6060196
3199306243,1090802055,1355.85,3554128907.5116277,778263912.6392107
3248324614,1118532659,1391.48,3553899668.9107947,778017174.1666448
3258410351,1113418022,1389.34,3553678328.5977526,777767742.7951807
5259390322,2370843605,2610.36,3554955059.1317368,778874816.5479227
3212318226,1081877429,1366.45,3554698786.2572923,778639830.726602
3173141960,1092766201,1351.88,3554413616.730942,778418646.3570938
7107133821,3520333363,3719.72,3557066880.5130696,784157079.0268241
3200399612,1105264172,1360.5,3556800710.9097013,783924936.0718381
3223397254,1087113641,1367.89,3556552087.8993287,783685438.5969201
3201999026,1101039572,1369.08,3556287890.3867364,783453139.2903639
3453146118,1211032321,1479.62,3556211090.8540583,783166458.1669319
3235593676,1090952133,1375.37,3555972536.229911,782923858.1570393
3239905106,1130961078,1394.25,3555737541.8579926,782680168.9784806
3467563919,1238828758,1483.58,3555672033.9658246,782393060.5014284
3195526293,1104284843,1370.77,3555404665.190052,782164097.3972849
3209975649,1100020427,1377.99,3555148412.2106824,781930485.1298332
3215032798,1114667802,1384.66,3554896287.9599705,781695423.7186916
3561311793,1255685016,1526.25,3554901040.185926,781405872.7549313
3174185662,1097830211,1364.24,3554619237.5373797,781185245.158867
3157488537,1103912364,1356.54,3554325501.81213,780970923.7980365
3574781721,1246881315,1526.41,3554340620.968958,780682461.247188
3203963390,1096161956,1367.83,3554081849.0110784,780452166.5029665
3117111216,1128502234,1379.02,3553759361.4590406,780254364.5339782
3181906991,1103422625,1360.29,3553485134.047198,780031925.6549287
3646463698,1290784271,1544.42,3553553651.780398,779748544.3357046
3238421342,1107355134,1374.45,3553321595.587629,779508270.6285019
3277974134,1128738993,1407.94,3553118985.240618,779257193.3145399
3266288391,1120873622,1402.05,3552908080.391912,779009448.9226433
3655011291,1319974297,1556.88,3552983101.119765,778728120.8210773
3300967436,1129866546,1408.92,3552798067.591777,778472120.7742099
3192557166,1098905654,1372.23,3552533767.590609,778247623.4020269
3948779328,1417532778,1680.84,3552824270.2008796,778036213.9297031
3187972102,1119679274,1371.21,3552556979.2351646,777813812.9693822
3200183908,1101005428,1375.55,3552299019.4465594,777587464.1241983
3200207153,1109332186,1375.69,3552041454.0724216,777361287.5675861
4087058865,1477583697,1732.71,3552432548.6710525,777211636.5569296
3226193024,1102546832,1374.19,3552194243.685902,776977718.7580788
3302774967,1125734167,1408.04,3552012185.819708,776723308.658849
4658606661,1695915790,1947.17,3552819329.8570385,777014533.170982
3242650318,1106375600,1384.94,3552593259.148688,776776416.7401664
3200137067,1094483405,1370.48,3552336553.983248,776551705.1880933
3175986118,1112157069,1411.86,3552062645.3689957,776335412.7641082
5523280532,2272670787,2505.78,3553496258.3774548,777870334.0640837
3202624164,1068935062,1338.1,3553241264.12282,777645113.1145884
3263293108,1091584754,1363.71,3553030699.013072,777401932.2922813
8650463756,3478631906,3614.75,3556729852.174891,789149981.362203
3131409599,1114630879,1394.27,3556421425.595359,788946878.4970291
3318026025,1101270899,1386.24,3556248675.3050723,788687066.3891509
3211633339,1076165780,1341.98,3555999134.87328,788455961.9006624
3469460952,1187174171,1449.66,3555936516.795948,788174086.3685023
3249477593,1088866362,1357.7,3555714926.8293567,787932146.6798892
3299180198,1158341319,1378.41,3555529569.3663297,787677600.5094577
3662155482,1254674955,1529.95,3555606555.5848374,787398397.833351
4246128393,1559019467,1773.32,3556104767.5887446,787332640.7760754
3780646070,1360080585,1578.74,3556266657.4967556,787071840.0714827
3899962944,1373269800,1628.82,3556514277.2997117,786842305.2848002
4104220401,1586030896,1729.65,3556908594.163427,786696190.6186613
3455313029,1257583730,1471.34,3556835503.828777,786417873.2686659
3364590534,1214950975,1444.94,3556697297.5240836,786152028.1464095
3222323077,1136261186,1366.98,3556457086.1587644,785920659.7845441
3688221145,1350389264,1571.42,3556551676.2943287,785646439.106686
3215230768,1099644033,1379.25,3556306826.2883787,785417759.0072008
3235748385,1098327483,1373.72,3556077035.2910395,785183071.7491996
3641845020,1316295203,1553.79,3556138473.6755013,784905149.683276
3224233812,1109427337,1386.07,3555900889.808876,784674386.8603315
3199454900,1083359012,1358.61,3555645921.2896996,784451583.0026932
3199612612,1153715837,1367.48,3555391430.003574,784228900.6278633
3705299262,1307116986,1558.85,3555498507.0264287,783958999.1783515
3195109181,1100965205,1376.34,3555241269.8201284,783738266.9158452
3267310894,1122714309,1404.1,3555035898.6533523,783496420.1752706
3522667272,1266311019,1513.25,3555012827.643621,783217624.9823862
3905801416,1396340374,1649.63,3555262677.065527,782994581.1677853
3249425470,1124201491,1398.04,3555044999.3380785,782758381.9192901
3211990752,1105933311,1378.53,3554801006.2745376,782533414.58428
4146934407,1496049956,1753.31,3555221854.4626865,782414431.9030249
3191685111,1107320859,1372.76,3554963660.752841,782196495.7686882
3262191147,1119205853,1402.7,3554755873.305181,781957747.1682543
3139942463,1109627487,1350.13,3554461679.397163,781758408.5166892
4447154369,1639183306,1858.1,3555094346.0800853,781842347.3428885
3262966222,1108257473,1388.8,3554887456.473796,781604078.4965942
3200664587,1100327355,1377.8,3554636767.960368,781384237.2711359
5872460408,2213266274,2454.76,3556275964.311174,783534434.5229809
3183577768,1101121584,1367.05,3556012573.3597174,783320136.2966828
3197007161,1086712629,1359.9,3555759038.463983,783101567.7858498
3216552311,1088467310,1364.91,3555519654.746648,782877020.7219378
7146055462,3638966870,3817.8,3558051767.4456983,788384064.6035258
3188708164,1101315938,1372.15,3557791483.017618,788167165.4087895
3216175035,1098243981,1380.4,3557550908.0542254,787941709.176452
3462674210,1185237648,1460.69,3557484140.497537,787668429.7069966
3143902939,1102542238,1339.57,3557193295.7707453,787467749.4347414
3160936133,1082092756,1341.28,3556914829.739283,787261042.9079752
3216595198,1088266936,1371.82,3556675841.233848,787036203.9426765
3512936516,1242845463,1508.28,3556645146.970526,786760855.0366806
3225197777,1089897658,1367.48,3556412715.4347825,786533884.6023104
3200763440,1087596841,1361.13,3556163486.7904696,786314571.7455423
3216407182,1096455973,1383.32,3555925562.207283,786090585.679416
3537777618,1236444083,1503.18,3555912862.456263,785815634.8971547
3223552946,1103755230,1387.55,3555680442.9342656,785589958.207836
3193789490,1110518682,1372.52,3555427549.186583,785373647.0606717
3524621710,1253230451,1489.28,3555406036.72905,785099798.2873192
3192648818,1099419043,1372.51,3555152891.4263783,784884275.3575689
3230856709,1108026562,1387.02,3554926743.4609485,784657259.9717579
3209629792,1112985648,1380.3,3554686118.4076657,784436737.1803852
3598095991,1294952847,1529.6,3554716348.1239552,784164393.1922419
3191969338,1104914830,1374.39,3554463914.5748086,783949862.1623955
3210605635,1096999988,1374.44,3554224791.9881783,783729653.6729404
3721206970,1315393012,1564.67,3554340832.417651,783469646.3330797
3158567360,1099131102,1357.01,3554065989.728472,783266952.8894238
3229742718,1083405799,1364.24,3553840921.531575,783041705.6176481
3199891124,1089032361,1358.98,3553595463.9743414,782825600.6957641
3790220261,1366505618,1608.31,3553759445.122661,782579078.6641288
3212064214,1092258125,1367.29,3553522814.076177,782359695.7666608
3217275497,1102800059,1380.94,3553290116.9709344,782138922.3035642
4114160408,1471306599,1741.14,3553677994.073997,782007438.8868177
3462508489,1188559602,1462.25,3553614988.196268,781740846.8368559
3170088730,1102908792,1345.75,3553350121.9958563,781535809.3300126
3183056857,1126222619,1392.41,3553094571.088337,781326598.7250354
4441916843,1647979815,1856.15,3553707551.965517,781405589.004664
3215800895,1086190802,1364.86,3553474673.4975877,781186611.4470301
